The iteration is Run2016B_H
The den is looseid
The den is gentrack
Will run scenario  data
The sample is data_all
The binning is eta
Will use the standard fit functions for the backgroud
debug1
debug1
den is gentrack dic genTracks
num is looseid dic LooseID
par is eta
debug5
Loose_noIP
('NUM_LooseID_DEN_genTracks_PAR_eta', cms.PSet(

))
Creating /EfficiencyRun2016B_H , the directory where the fits are stored.
den is gentrack
Fitting bin:  eta_bin0__pt_bin0__CBPlusExpo
 **********
 **    9 **SET STR           1
 **********
 NOW USING STRATEGY  1: TRY TO BALANCE SPEED AGAINST RELIABILITY
Minuit2Minimizer: Minimize with max-calls 5000 convergence for edm < 1 strategy 1
Minuit2Minimizer : Valid minimum - status = 0
FVAL  = -6005.72384478721506
Edm   = 0
Nfcn  = 1
alpha	  = 2.09976	 +/-  0.433597	(limited)
effBkg	  = 0.797198	 +/-  0.068892	(limited)
efficiency	  = 0.797198	 +/-  0.068892	(limited)
fSigAll	  = 0.797198	 +/-  0.068892	(limited)
lf	  = 2	 +/-  0.916515	(limited)
lp	  = 1.4	 +/-  0.96	(limited)
mean	  = 3.1	 +/-  0.02	(limited)
n	  = 0.100095	 +/-  0.0607998	(limited)
numTot	  = 1109	 +/-  222.8	(limited)
sigma	  = 0.0580778	 +/-  0.00199498	(limited)
 **********
 **   14 **MIGRAD        5000           1
 **********
 FIRST CALL TO USER FUNCTION AT NEW START POINT, WITH IFLAG=4.
 START MIGRAD MINIMIZATION.  STRATEGY  1.  CONVERGENCE WHEN EDM .LT. 1.00e-03
 FCN=-6015.83 FROM MIGRAD    STATUS=INITIATE       89 CALLS          90 TOTAL
                     EDM= unknown      STRATEGY= 1      NO ERROR MATRIX       
  EXT PARAMETER               CURRENT GUESS       STEP         FIRST   
  NO.   NAME      VALUE            ERROR          SIZE      DERIVATIVE 
   1  alpha        1.68951e+00   4.33597e-01   0.00000e+00   1.72832e+00
   2  effBkg       7.97198e-01   6.88920e-02   0.00000e+00   3.12439e+02
   3  efficiency   7.97198e-01   6.88920e-02   0.00000e+00   4.58771e+02
   4  fSigAll      7.97198e-01   6.88920e-02   0.00000e+00   1.44874e+02
   5  lf           2.00000e+00   9.16515e-01   0.00000e+00  -4.12639e+01
   6  lp           1.40000e+00   9.60000e-01   0.00000e+00  -3.42172e+00
   7  mean         3.10000e+00   2.00000e-02   0.00000e+00  -5.69647e+01
   8  n            1.07821e-01   6.07998e-02   1.57436e-02  -8.59512e-02
   9  numTot       1.10900e+03   2.22800e+02   0.00000e+00  -9.54133e-04
  10  sigma        5.80778e-02   1.99498e-03   0.00000e+00  -2.22922e+01
                               ERR DEF= 0.5
 MIGRAD FAILS TO FIND IMPROVEMENT
 COVARIANCE MATRIX CALCULATED SUCCESSFULLY
 FCN=-6376.71 FROM HESSE     STATUS=OK             98 CALLS         861 TOTAL
                     EDM=0.00179263    STRATEGY= 1      ERROR MATRIX ACCURATE 
  EXT PARAMETER                                   STEP         FIRST   
  NO.   NAME      VALUE            ERROR          SIZE      DERIVATIVE 
   1  alpha        2.49312e+00   6.52618e-01   1.43707e-02   7.11095e-03
   2  effBkg       1.19410e-01   3.99904e-02   3.44992e-03   5.11449e-02
   3  efficiency   9.49523e-01   4.12091e-02   6.43872e-03  -3.66329e-02
   4  fSigAll      4.79646e-01   3.43440e-02   1.90340e-03  -5.49513e-02
   5  lf           1.28632e+00   3.96733e-01   4.44396e-03  -2.93736e-02
   6  lp           3.00089e+00   2.07207e+00   1.99946e-02  -1.68983e-02
   7  mean         3.09399e+00   3.06372e-03   1.54949e-03   2.56328e-02
   8  n            3.80651e+00   9.69724e+00   3.99347e-01   1.04096e-01
   9  numTot       1.10900e+03   3.32967e+01   1.64849e-03   1.01087e-03
  10  sigma        5.59770e-02   3.32439e-03   1.03576e-02  -3.43067e-02
                               ERR DEF= 0.5
 MIGRAD MINIMIZATION HAS CONVERGED.
 MIGRAD WILL VERIFY CONVERGENCE AND ERROR MATRIX.
 COVARIANCE MATRIX CALCULATED SUCCESSFULLY
 FCN=-6376.77 FROM MIGRAD    STATUS=CONVERGED    1205 CALLS        1206 TOTAL
                     EDM=1.51201e-05    STRATEGY= 1      ERROR MATRIX ACCURATE 
  EXT PARAMETER                                   STEP         FIRST   
  NO.   NAME      VALUE            ERROR          SIZE      DERIVATIVE 
   1  alpha        2.58785e+00   3.34003e-01   4.65450e-03   2.82604e-04
   2  effBkg       9.99697e-02   5.31766e-02   3.55960e-03  -1.17442e-02
   3  efficiency   9.49636e-01   4.11592e-02   6.34373e-03   5.16192e-03
   4  fSigAll      4.91516e-01   4.00849e-02   1.87254e-03   3.46556e-02
   5  lf           1.29258e+00   3.98405e-01   4.45160e-03  -6.02690e-03
   6  lp           4.45874e+00   8.98154e+00   4.37228e-02   6.49071e-05
   7  mean         3.09380e+00   2.96996e-03   1.51644e-03  -8.06186e-03
   8  n            1.00000e-01   1.75665e+01   3.39377e-02** at limit **
   9  numTot       1.10900e+03   3.32967e+01   1.64849e-03   1.11126e-03
  10  sigma        5.67293e-02   3.45122e-03   1.08056e-02   2.57432e-03
                               ERR DEF= 0.5
 EXTERNAL ERROR MATRIX.    NDIM=  25    NPAR= 10    ERR DEF=0.5
  1.124e-01  6.427e-03  8.555e-05 -3.892e-03 -1.583e-03 -4.752e-01  8.259e-05 -4.074e-04 -6.858e-09  4.981e-04 
  6.427e-03  2.858e-03 -1.769e-04 -1.511e-03 -7.919e-05 -1.956e-01 -5.131e-06  5.639e-05 -1.747e-09  1.420e-04 
  8.555e-05 -1.769e-04  1.714e-03 -8.337e-04 -3.408e-03  9.724e-04 -4.544e-07  3.762e-07  1.954e-10  1.999e-06 
 -3.892e-03 -1.511e-03 -8.337e-04  1.610e-03  2.016e-03  1.163e-01  3.357e-06 -3.392e-05  1.084e-09 -8.605e-05 
 -1.583e-03 -7.919e-05 -3.408e-03  2.016e-03  1.591e-01  4.208e-02 -3.361e-05 -1.641e-05 -1.461e-10 -2.107e-05 
 -4.752e-01 -1.956e-01  9.724e-04  1.163e-01  4.208e-02  1.805e+01 -1.832e-03 -4.938e-03  1.347e-07 -9.352e-03 
  8.259e-05 -5.131e-06 -4.544e-07  3.357e-06 -3.361e-05 -1.832e-03  8.823e-06 -1.086e-08  2.358e-11 -1.140e-06 
 -4.074e-04  5.639e-05  3.762e-07 -3.392e-05 -1.641e-05 -4.938e-03 -1.086e-08  6.321e-06 -1.200e-11  1.988e-06 
 -6.858e-09 -1.747e-09  1.954e-10  1.084e-09 -1.461e-10  1.347e-07  2.358e-11 -1.200e-11  1.109e+03 -9.468e-11 
  4.981e-04  1.420e-04  1.999e-06 -8.605e-05 -2.107e-05 -9.352e-03 -1.140e-06  1.988e-06 -9.468e-11  1.233e-05 
 PARAMETER  CORRELATION COEFFICIENTS  
       NO.  GLOBAL      1      2      3      4      5      6      7      8      9     10
        1  0.82496   1.000  0.359  0.006 -0.289 -0.012 -0.334  0.083 -0.483 -0.000  0.423
        2  0.93213   0.359  1.000 -0.080 -0.704 -0.004 -0.861 -0.032  0.420 -0.000  0.756
        3  0.79492   0.006 -0.080  1.000 -0.502 -0.206  0.006 -0.004  0.004  0.000  0.014
        4  0.90609  -0.289 -0.704 -0.502  1.000  0.126  0.682  0.028 -0.336  0.000 -0.611
        5  0.21041  -0.012 -0.004 -0.206  0.126  1.000  0.025 -0.028 -0.016 -0.000 -0.015
        6  0.90102  -0.334 -0.861  0.006  0.682  0.025  1.000 -0.145 -0.462  0.000 -0.627
        7  0.38224   0.083 -0.032 -0.004  0.028 -0.028 -0.145  1.000 -0.001  0.000 -0.109
        8  0.83439  -0.483  0.420  0.004 -0.336 -0.016 -0.462 -0.001  1.000 -0.000  0.225
        9  0.00000  -0.000 -0.000  0.000  0.000 -0.000  0.000  0.000 -0.000  1.000 -0.000
       10  0.78995   0.423  0.756  0.014 -0.611 -0.015 -0.627 -0.109  0.225 -0.000  1.000
Real time 0:00:00, CP time 0.030
Real time 0:00:01, CP time 0.240, 2 slices
 **********
 **   19 **HESSE        5000
 **********
 EIGENVALUES OF SECOND-DERIVATIVE MATRIX:
        -5.5124e-02  2.2164e-01  4.6080e-01  6.9359e-01  1.0000e+00  1.0111e+00  1.2373e+00  1.4524e+00  1.8270e+00  2.1513e+00
 MINUIT WARNING IN HESSE   
 ============== MATRIX FORCED POS-DEF BY ADDING 0.057276 TO DIAGONAL.
 FCN=-6376.77 FROM HESSE     STATUS=NOT POSDEF     94 CALLS        1300 TOTAL
                     EDM=0.000359028    STRATEGY= 1      ERR MATRIX NOT POS-DEF
  EXT PARAMETER                APPROXIMATE     INTERNAL      INTERNAL  
  NO.   NAME      VALUE            ERROR       STEP SIZE       VALUE   
   1  alpha        2.58785e+00   8.87484e-01   1.86180e-04  -7.21309e-02
   2  effBkg       9.99697e-02   2.17720e-01   7.11919e-04  -9.27396e-01
   3  efficiency   9.49636e-01   3.96604e-02   2.53749e-04   1.11810e+00
   4  fSigAll      4.91516e-01   1.35152e-01   3.74509e-04  -1.69680e-02
   5  lf           1.29258e+00   3.87414e-01   1.78064e-04   2.61487e-01
   6  lp           4.45874e+00   8.24364e+00   1.74891e-03   1.10120e+00
   7  mean         3.09380e+00   3.33803e-03   3.03287e-04  -6.20760e-02
   8  n            1.00000e-01   9.55696e+01   4.69793e-01  -1.57085e+00
                                 WARNING -   - ABOVE PARAMETER IS AT LIMIT.
   9  numTot       1.10900e+03   3.23825e+01   6.59398e-05  -4.48735e-03
  10  sigma        5.67293e-02   7.04442e-03   4.32224e-04   2.15079e+00
                               ERR DEF= 0.5
 EXTERNAL ERROR MATRIX.    NDIM=  25    NPAR= 10    ERR DEF=0.5
  8.325e-01  2.168e-01 -1.243e-02 -1.203e-01 -3.629e-02 -2.036e+01  1.576e-03  9.528e-03  1.871e-05  6.586e-03 
  2.168e-01  5.936e-02 -3.560e-03 -3.275e-02 -9.377e-03 -5.542e+00  4.058e-04  2.613e-03  5.123e-06  1.778e-03 
 -1.243e-02 -3.560e-03  1.590e-03  1.249e-03 -2.041e-03  3.209e-01 -2.378e-05 -1.508e-04 -3.565e-07 -1.012e-04 
 -1.203e-01 -3.275e-02  1.249e-03  1.873e-02  6.640e-03  3.072e+00 -2.248e-04 -1.449e-03 -2.780e-06 -9.866e-04 
 -3.629e-02 -9.377e-03 -2.041e-03  6.640e-03  1.504e-01  9.160e-01 -9.829e-05 -4.347e-04 -7.221e-07 -2.838e-04 
 -2.036e+01 -5.542e+00  3.209e-01  3.072e+00  9.160e-01  5.231e+02 -4.027e-02 -2.461e-01 -4.783e-04 -1.649e-01 
  1.576e-03  4.058e-04 -2.378e-05 -2.248e-04 -9.829e-05 -4.027e-02  1.115e-05  1.837e-05  3.855e-08  1.120e-05 
  9.528e-03  2.613e-03 -1.508e-04 -1.449e-03 -4.347e-04 -2.461e-01  1.837e-05  1.180e-04  2.252e-07  7.709e-05 
  1.871e-05  5.123e-06 -3.565e-07 -2.780e-06 -7.221e-07 -4.783e-04  3.855e-08  2.252e-07  1.049e+03  1.526e-07 
  6.586e-03  1.778e-03 -1.012e-04 -9.866e-04 -2.838e-04 -1.649e-01  1.120e-05  7.709e-05  1.526e-07  5.853e-05 
ERR MATRIX NOT POS-DEF
 PARAMETER  CORRELATION COEFFICIENTS  
       NO.  GLOBAL      1      2      3      4      5      6      7      8      9     10
        1  0.97940   1.000  0.975 -0.342 -0.963 -0.103 -0.976  0.517  0.961  0.000  0.944
        2  0.99701   0.975  1.000 -0.366 -0.982 -0.099 -0.995  0.499  0.987  0.000  0.954
        3  0.79038  -0.342 -0.366  1.000  0.229 -0.132  0.352 -0.179 -0.348 -0.000 -0.332
        4  0.99270  -0.963 -0.982  0.229  1.000  0.125  0.982 -0.492 -0.975 -0.000 -0.942
        5  0.20956  -0.103 -0.099 -0.132  0.125  1.000  0.103 -0.076 -0.103 -0.000 -0.096
        6  0.99692  -0.976 -0.995  0.352  0.982  0.103  1.000 -0.527 -0.991 -0.000 -0.943
        7  0.60059   0.517  0.499 -0.179 -0.492 -0.076 -0.527  1.000  0.507  0.000  0.438
        8  0.99169   0.961  0.987 -0.348 -0.975 -0.103 -0.991  0.507  1.000  0.000  0.928
        9  0.00000   0.000  0.000 -0.000 -0.000 -0.000 -0.000  0.000  0.000  1.000  0.000
       10  0.96182   0.944  0.954 -0.332 -0.942 -0.096 -0.943  0.438  0.928  0.000  1.000
 ERR MATRIX NOT POS-DEF
Real time 0:00:00, CP time 0.010
Real time 0:00:01, CP time 0.250, 3 slices
 **********
 **    1 **SET PRINT           1
 **********
 **********
 **    2 **SET NOGRAD
 **********
 PARAMETER DEFINITIONS:
    NO.   NAME         VALUE      STEP SIZE      LIMITS
     1 alpha        2.58785e+00  8.87484e-01    5.00000e-01  5.00000e+00
     2 effBkg       9.99697e-02  2.17720e-01    0.00000e+00  1.00000e+00
 MINUIT WARNING IN PARAMETR
 ============== VARIABLE2 BROUGHT BACK INSIDE LIMITS.
     3 efficiency   9.49636e-01  3.96604e-02    0.00000e+00  1.00000e+00
     4 fSigAll      4.91516e-01  1.35152e-01    0.00000e+00  1.00000e+00
     5 lf           1.29258e+00  3.87414e-01   -5.00000e+00  5.00000e+00
     6 lp           4.45874e+00  8.24364e+00   -5.00000e+00  5.00000e+00
 MINUIT WARNING IN PARAMETR
 ============== VARIABLE6 BROUGHT BACK INSIDE LIMITS.
     7 mean         3.09380e+00  3.33803e-03    3.00000e+00  3.20000e+00
     8 n            1.00000e-01  9.55696e+01    1.00000e-01  1.00000e+02
 MINUIT WARNING IN PARAMETR
 ============== VARIABLE8 IS AT ITS LOWER ALLOWED LIMIT.
 MINUIT WARNING IN PARAMETR
 ============== VARIABLE8 BROUGHT BACK INSIDE LIMITS.
     9 numTot       1.10900e+03  3.23825e+01    0.00000e+00  2.22800e+03
    10 sigma        5.67293e-02  7.04442e-03    2.00000e-02  6.00000e-02
 MINUIT WARNING IN PARAMETR
 ============== VARIABLE10 BROUGHT BACK INSIDE LIMITS.
 **********
 **    3 **SET ERR         0.5
 **********
 **********
 **    4 **SET PRINT           1
 **********
 **********
 **    5 **SET STR           2
 **********
 NOW USING STRATEGY  2: MAKE SURE MINIMUM TRUE, ERRORS CORRECT  
 **********
 **    6 **MIGRAD        5000           1
 **********
 FIRST CALL TO USER FUNCTION AT NEW START POINT, WITH IFLAG=4.
 MINUIT WARNING IN MIGrad    
 ============== VARIABLE8 IS AT ITS LOWER ALLOWED LIMIT.
 START MIGRAD MINIMIZATION.  STRATEGY  2.  CONVERGENCE WHEN EDM .LT. 1.00e-03
 COVARIANCE MATRIX CALCULATED SUCCESSFULLY
 FCN=-6376.77 FROM HESSE     STATUS=OK            138 CALLS         139 TOTAL
                     EDM=6.87136e-06    STRATEGY= 2      ERROR MATRIX ACCURATE 
  EXT PARAMETER                                   STEP         FIRST   
  NO.   NAME      VALUE            ERROR          SIZE      DERIVATIVE 
   1  alpha        2.58785e+00   2.28205e-01   1.48612e-01   2.89901e-03
   2  effBkg       9.99697e-02   2.61663e-02   1.13884e-01  -1.22915e-02
   3  efficiency   9.49636e-01   3.55241e-02   2.02693e-01   5.18099e-03
   4  fSigAll      4.91516e-01   2.59927e-02   5.99243e-02   3.50265e-02
   5  lf           1.29258e+00   3.97989e-01   1.42459e-01  -6.00497e-03
   6  lp           4.45874e+00   1.70631e+00   5.00000e-01   1.83115e-04
   7  mean         3.09380e+00   2.85445e-03   4.85301e-02  -8.33236e-03
   8  n            1.00095e-01   8.79486e+00   4.69311e-01   6.51509e-03
   9  numTot       1.10900e+03   3.32890e+01   5.27518e-02   1.11207e-03
  10  sigma        5.67293e-02   2.17781e-03   3.46246e-01  -2.45233e-03
                               ERR DEF= 0.5
 MIGRAD MINIMIZATION HAS CONVERGED.
 MIGRAD WILL VERIFY CONVERGENCE AND ERROR MATRIX.
 COVARIANCE MATRIX CALCULATED SUCCESSFULLY
 FCN=-6376.77 FROM MIGRAD    STATUS=CONVERGED     259 CALLS         260 TOTAL
                     EDM=1.49604e-05    STRATEGY= 2      ERROR MATRIX ACCURATE 
  EXT PARAMETER                                   STEP         FIRST   
  NO.   NAME      VALUE            ERROR          SIZE      DERIVATIVE 
   1  alpha        2.58768e+00   3.80402e-01   1.39512e-03  -9.46688e-03
   2  effBkg       9.99719e-02   6.20688e-02   3.55868e-03  -1.01255e-02
   3  efficiency   9.49635e-01   4.13500e-02   1.78009e-03   2.02779e-03
   4  fSigAll      4.91508e-01   4.44430e-02   1.87242e-03   1.81591e-02
   5  lf           1.29270e+00   3.98606e-01   4.46697e-03  -2.24793e-03
   6  lp           4.45946e+00   9.52921e+00   2.26511e-03   4.67439e-04
   7  mean         3.09380e+00   2.99717e-03   1.51757e-03   9.28945e-03
   8  n            1.00018e-01   6.80038e+01   2.72475e-02** at limit **
   9  numTot       1.10900e+03   3.32967e+01   4.66157e-04   4.58106e-04
  10  sigma        5.67287e-02   3.65364e-03   2.92288e-03  -4.29214e-03
                               ERR DEF= 0.5
 EXTERNAL ERROR MATRIX.    NDIM=  25    NPAR= 10    ERR DEF=0.5
  1.461e-01  5.930e-03  7.193e-05 -3.588e-03 -1.409e-03 -4.261e-01  1.194e-04 -1.167e-02 -1.683e-07 -5.189e-04 
  5.930e-03  3.909e-03 -1.957e-04 -2.128e-03 -3.214e-04 -2.894e-01  9.679e-06  1.775e-03 -1.161e-07 -1.823e-04 
  7.193e-05 -1.957e-04  1.731e-03 -8.340e-04 -3.446e-03  2.333e-03 -5.654e-07 -2.936e-06  1.642e-08 -1.305e-06 
 -3.588e-03 -2.128e-03 -8.340e-04  1.980e-03  2.187e-03  1.716e-01 -5.431e-06 -1.059e-03  6.088e-08  1.098e-04 
 -1.409e-03 -3.214e-04 -3.446e-03  2.187e-03  1.592e-01  6.410e-02 -3.683e-05 -4.809e-04 -5.538e-09  3.093e-05 
 -4.261e-01 -2.894e-01  2.333e-03  1.716e-01  6.410e-02  2.633e+01 -3.087e-03 -1.576e-01  1.036e-05  1.301e-02 
  1.194e-04  9.679e-06 -5.654e-07 -5.431e-06 -3.683e-05 -3.087e-03  8.986e-06  5.960e-06 -1.188e-09  4.272e-07 
 -1.167e-02  1.775e-03 -2.936e-06 -1.059e-03 -4.809e-04 -1.576e-01  5.960e-06  3.015e-03 -6.199e-08 -5.998e-05 
 -1.683e-07 -1.161e-07  1.642e-08  6.088e-08 -5.538e-09  1.036e-05 -1.188e-09 -6.199e-08  1.109e+03  5.148e-09 
 -5.189e-04 -1.823e-04 -1.305e-06  1.098e-04  3.093e-05  1.301e-02  4.272e-07 -5.998e-05  5.148e-09  1.388e-05 
 PARAMETER  CORRELATION COEFFICIENTS  
       NO.  GLOBAL      1      2      3      4      5      6      7      8      9     10
        1  0.86870   1.000  0.248  0.005 -0.211 -0.009 -0.217  0.104 -0.556 -0.000 -0.364
        2  0.95085   0.248  1.000 -0.075 -0.765 -0.013 -0.902  0.052  0.517 -0.000 -0.783
        3  0.79708   0.005 -0.075  1.000 -0.451 -0.208  0.011 -0.005 -0.001  0.000 -0.008
        4  0.92437  -0.211 -0.765 -0.451  1.000  0.123  0.752 -0.041 -0.434  0.000  0.662
        5  0.21267  -0.009 -0.013 -0.208  0.123  1.000  0.031 -0.031 -0.022 -0.000  0.021
        6  0.93307  -0.217 -0.902  0.011  0.752  0.031  1.000 -0.201 -0.559  0.000  0.681
        7  0.40197   0.104  0.052 -0.005 -0.041 -0.031 -0.201  1.000  0.036 -0.000  0.038
        8  0.90057  -0.556  0.517 -0.001 -0.434 -0.022 -0.559  0.036  1.000 -0.000 -0.293
        9  0.00000  -0.000 -0.000  0.000  0.000 -0.000  0.000 -0.000 -0.000  1.000  0.000
       10  0.81611  -0.364 -0.783 -0.008  0.662  0.021  0.681  0.038 -0.293  0.000  1.000
 **********
 **    7 **SET ERR         0.5
 **********
 **********
 **    8 **SET PRINT           1
 **********
 **********
 **    9 **HESSE        5000
 **********
 EIGENVALUES OF SECOND-DERIVATIVE MATRIX:
        -5.7908e-02  2.2146e-01  4.6056e-01  6.9563e-01  1.0000e+00  1.0111e+00  1.2343e+00  1.4563e+00  1.8272e+00  2.1514e+00
 MINUIT WARNING IN HESSE   
 ============== MATRIX FORCED POS-DEF BY ADDING 0.060059 TO DIAGONAL.
 FCN=-6376.77 FROM HESSE     STATUS=NOT POSDEF     92 CALLS         352 TOTAL
                     EDM=5.35705e-05    STRATEGY= 2      ERR MATRIX NOT POS-DEF
  EXT PARAMETER                APPROXIMATE     INTERNAL      INTERNAL  
  NO.   NAME      VALUE            ERROR       STEP SIZE       VALUE   
   1  alpha        2.58768e+00   8.90394e-01   5.58049e-05  -7.22044e-02
   2  effBkg       9.99719e-02   2.17352e-01   7.11736e-04  -9.27389e-01
   3  efficiency   9.49635e-01   3.96914e-02   7.12038e-05   1.11810e+00
   4  fSigAll      4.91508e-01   1.34447e-01   3.74484e-04  -1.69850e-02
   5  lf           1.29270e+00   3.86769e-01   1.78679e-04   2.61511e-01
   6  lp           4.45946e+00   8.17217e+00   4.53022e-04   1.10151e+00
   7  mean         3.09380e+00   3.35393e-03   3.03514e-04  -6.20711e-02
   8  n            1.00018e-01   9.18178e+01   5.00000e-01  -1.56994e+00
                                 WARNING -   - ABOVE PARAMETER IS AT LIMIT.
   9  numTot       1.10900e+03   3.23399e+01   1.86463e-05  -4.48794e-03
  10  sigma        5.67287e-02   6.93002e-03   5.84575e-04   9.90748e-01
                               ERR DEF= 0.5
 EXTERNAL ERROR MATRIX.    NDIM=  25    NPAR= 10    ERR DEF=0.5
  8.383e-01  2.172e-01 -1.295e-02 -1.201e-01 -3.581e-02 -2.049e+01  1.616e-03  1.488e-01 -2.002e-03 -6.470e-03 
  2.172e-01  5.910e-02 -3.679e-03 -3.250e-02 -9.191e-03 -5.544e+00  4.144e-04  4.055e-02 -5.428e-04 -1.736e-03 
 -1.295e-02 -3.679e-03  1.593e-03  1.317e-03 -2.000e-03  3.337e-01 -2.523e-05 -2.434e-03  4.425e-05  1.028e-04 
 -1.201e-01 -3.250e-02  1.317e-03  1.853e-02  6.501e-03  3.063e+00 -2.288e-04 -2.241e-02  2.940e-04  9.605e-04 
 -3.581e-02 -9.191e-03 -2.000e-03  6.501e-03  1.499e-01  9.024e-01 -9.850e-05 -6.643e-03  7.384e-05  2.726e-04 
 -2.049e+01 -5.544e+00  3.337e-01  3.063e+00  9.024e-01  5.257e+02 -4.125e-02 -3.837e+00  5.131e-02  1.618e-01 
  1.616e-03  4.144e-04 -2.523e-05 -2.288e-04 -9.850e-05 -4.125e-02  1.125e-05  2.922e-04 -3.976e-06 -1.122e-05 
  1.488e-01  4.055e-02 -2.434e-03 -2.241e-02 -6.643e-03 -3.837e+00  2.922e-04  2.853e-02 -3.743e-04 -1.173e-03 
 -2.002e-03 -5.428e-04  4.425e-05  2.940e-04  7.384e-05  5.131e-02 -3.976e-06 -3.743e-04  1.046e+03  1.589e-05 
 -6.470e-03 -1.736e-03  1.028e-04  9.605e-04  2.726e-04  1.618e-01 -1.122e-05 -1.173e-03  1.589e-05  5.628e-05 
ERR MATRIX NOT POS-DEF
 PARAMETER  CORRELATION COEFFICIENTS  
       NO.  GLOBAL      1      2      3      4      5      6      7      8      9     10
        1  0.97962   1.000  0.976 -0.354 -0.963 -0.101 -0.976  0.526  0.962 -0.000 -0.942
        2  0.99700   0.976  1.000 -0.379 -0.982 -0.098 -0.995  0.508  0.988 -0.000 -0.952
        3  0.79138  -0.354 -0.379  1.000  0.242 -0.129  0.365 -0.188 -0.361  0.000  0.343
        4  0.99264  -0.963 -0.982  0.242  1.000  0.123  0.982 -0.501 -0.975  0.000  0.941
        5  0.20792  -0.101 -0.098 -0.129  0.123  1.000  0.102 -0.076 -0.102  0.000  0.094
        6  0.99694  -0.976 -0.995  0.365  0.982  0.102  1.000 -0.536 -0.991  0.000  0.941
        7  0.60699   0.526  0.508 -0.188 -0.501 -0.076 -0.536  1.000  0.516 -0.000 -0.446
        8  0.99185   0.962  0.988 -0.361 -0.975 -0.102 -0.991  0.516  1.000 -0.000 -0.926
        9  0.00007  -0.000 -0.000  0.000  0.000  0.000  0.000 -0.000 -0.000  1.000  0.000
       10  0.96038  -0.942 -0.952  0.343  0.941  0.094  0.941 -0.446 -0.926  0.000  1.000
 ERR MATRIX NOT POS-DEF
 **********
 **   10 **MINOS        5000           3
 **********
 EIGENVALUES OF SECOND-DERIVATIVE MATRIX:
        -5.8053e-02  2.2173e-01  4.6027e-01  6.9546e-01  1.0000e+00  1.0111e+00  1.2344e+00  1.4564e+00  1.8275e+00  2.1512e+00
 MINUIT WARNING IN HESSE   
 ============== MATRIX FORCED POS-DEF BY ADDING 0.060204 TO DIAGONAL.
 MINUIT WARNING IN MIGRAD  
 ============== Negative diagonal element 7 in Error Matrix
 MINUIT WARNING IN MIGRAD  
 ============== 1.01796 added to diagonal of error matrix
 FCN=-6376.77 FROM MINOS     STATUS=SUCCESSFUL   1015 CALLS        1457 TOTAL
                     EDM=5.35541e-05    STRATEGY= 2      ERR MATRIX NOT POS-DEF
  EXT PARAMETER                  PARABOLIC         MINOS ERRORS        
  NO.   NAME      VALUE            ERROR      NEGATIVE      POSITIVE   
   1  alpha        2.58768e+00   8.90221e-01                            
   2  effBkg       9.99719e-02   2.17374e-01                            
   3  efficiency   9.49635e-01   3.96595e-02  -3.65277e-02   4.29807e-02
   4  fSigAll      4.91508e-01   1.34500e-01                            
   5  lf           1.29270e+00   3.86728e-01                            
   6  lp           4.45946e+00   8.17879e+00                            
   7  mean         3.09380e+00   3.34693e-03                            
   8  n            1.00018e-01   9.18284e+01                            
                                 WARNING -   - ABOVE PARAMETER IS AT LIMIT.
   9  numTot       1.10900e+03   3.23368e+01                            
  10  sigma        5.67287e-02   6.94116e-03                            
                               ERR DEF= 0.5
Fitting bin:  eta_bin1__pt_bin0__CBPlusExpo
 **********
 **    9 **SET STR           1
 **********
 NOW USING STRATEGY  1: TRY TO BALANCE SPEED AGAINST RELIABILITY
Minuit2Minimizer: Minimize with max-calls 5000 convergence for edm < 1 strategy 1
Minuit2Minimizer : Valid minimum - status = 0
FVAL  = -129874.058975674066
Edm   = 0
Nfcn  = 1
alpha	  = 2.09976	 +/-  0.433597	(limited)
effBkg	  = 0.797198	 +/-  0.068892	(limited)
efficiency	  = 0.797198	 +/-  0.068892	(limited)
fSigAll	  = 0.797198	 +/-  0.068892	(limited)
lf	  = 0	 +/-  1	(limited)
lp	  = -1.4	 +/-  0.96	(limited)
mean	  = 3.09	 +/-  0.0198997	(limited)
n	  = 0.100095	 +/-  0.0607998	(limited)
numTot	  = 16040	 +/-  3209	(limited)
sigma	  = 0.0580778	 +/-  0.00199498	(limited)
 **********
 **   14 **MIGRAD        5000           1
 **********
 FIRST CALL TO USER FUNCTION AT NEW START POINT, WITH IFLAG=4.
 START MIGRAD MINIMIZATION.  STRATEGY  1.  CONVERGENCE WHEN EDM .LT. 1.00e-03
 FCN=-130087 FROM MIGRAD    STATUS=INITIATE       75 CALLS          76 TOTAL
                     EDM= unknown      STRATEGY= 1      NO ERROR MATRIX       
  EXT PARAMETER               CURRENT GUESS       STEP         FIRST   
  NO.   NAME      VALUE            ERROR          SIZE      DERIVATIVE 
   1  alpha        1.57049e+00   4.33597e-01  -2.58630e-01   6.94596e+01
   2  effBkg       7.97198e-01   6.88920e-02   0.00000e+00   4.66804e+03
   3  efficiency   7.97198e-01   6.88920e-02   0.00000e+00   7.39420e+03
   4  fSigAll      7.97198e-01   6.88920e-02   0.00000e+00   1.42516e+03
   5  lf           0.00000e+00   1.00000e+00   0.00000e+00  -5.71791e+02
   6  lp          -1.40000e+00   9.60000e-01   0.00000e+00  -9.56238e+01
   7  mean         3.09000e+00   1.98997e-02   0.00000e+00  -8.51875e+02
   8  n            1.00095e-01   6.07998e-02   0.00000e+00   9.55369e-01
   9  numTot       1.60400e+04   3.20900e+03   0.00000e+00  -2.06736e-02
  10  sigma        5.80778e-02   1.99498e-03   0.00000e+00  -1.27761e+02
                               ERR DEF= 0.5
 MIGRAD FAILS TO FIND IMPROVEMENT
 MIGRAD MINIMIZATION HAS CONVERGED.
 MIGRAD WILL VERIFY CONVERGENCE AND ERROR MATRIX.
 COVARIANCE MATRIX CALCULATED SUCCESSFULLY
 FCN=-136335 FROM MIGRAD    STATUS=CONVERGED    1025 CALLS        1026 TOTAL
                     EDM=0.000314056    STRATEGY= 1      ERROR MATRIX ACCURATE 
  EXT PARAMETER                                   STEP         FIRST   
  NO.   NAME      VALUE            ERROR          SIZE      DERIVATIVE 
   1  alpha        1.97076e+00   1.02016e-01   8.96399e-03  -3.83231e-01
   2  effBkg       8.60346e-02   9.95779e-03   4.14357e-03   8.07216e-02
   3  efficiency   9.76629e-01   9.87466e-03   1.11588e-02   8.82741e-03
   4  fSigAll      4.58997e-01   8.33996e-03   2.19141e-03  -4.42700e-01
   5  lf          -6.69647e-01   9.76088e-02   5.02183e-03   7.35854e-02
   6  lp          -8.58188e-02   7.19298e-01   1.96467e-02   1.58986e-01
   7  mean         3.09113e+00   6.07502e-04   1.48804e-03   2.63780e-01
   8  n            4.12155e+00   3.32270e+00   2.10001e-02  -1.09583e-01
   9  numTot       1.60400e+04   1.26648e+02   2.01258e-03   2.16408e-02
  10  sigma        4.44873e-02   5.74968e-04   6.20841e-03   9.66928e-02
                               ERR DEF= 0.5
 EXTERNAL ERROR MATRIX.    NDIM=  25    NPAR= 10    ERR DEF=0.5
  1.042e-02  3.495e-04  4.427e-06 -2.147e-04 -5.945e-05  2.447e-02  3.920e-06 -2.937e-02  1.817e-08 -9.035e-06 
  3.495e-04  9.920e-05 -6.166e-06 -5.164e-05 -9.660e-06  5.317e-03  7.986e-07  2.316e-02  3.387e-09 -2.878e-06 
  4.427e-06 -6.166e-06  9.765e-05 -4.446e-05 -1.409e-05  3.839e-05  6.729e-08  7.290e-05 -7.302e-11 -1.819e-07 
 -2.147e-04 -5.164e-05 -4.446e-05  6.956e-05  1.307e-05 -3.252e-03 -5.197e-07 -1.412e-02 -1.953e-09  1.842e-06 
 -5.945e-05 -9.660e-06 -1.409e-05  1.307e-05  9.529e-03 -8.673e-04 -6.949e-07 -3.622e-03  5.071e-09  2.516e-07 
  2.447e-02  5.317e-03  3.839e-05 -3.252e-03 -8.673e-04  5.210e-01  1.108e-04  1.741e+00  2.251e-07 -1.193e-04 
  3.920e-06  7.986e-07  6.729e-08 -5.197e-07 -6.949e-07  1.108e-04  3.691e-07  2.162e-04  3.068e-11 -2.521e-08 
 -2.937e-02  2.316e-02  7.290e-05 -1.412e-02 -3.622e-03  1.741e+00  2.162e-04  1.115e+01  1.023e-06 -4.223e-04 
  1.817e-08  3.387e-09 -7.302e-11 -1.953e-09  5.071e-09  2.251e-07  3.068e-11  1.023e-06  1.604e+04 -7.908e-11 
 -9.035e-06 -2.878e-06 -1.819e-07  1.842e-06  2.516e-07 -1.193e-04 -2.521e-08 -4.223e-04 -7.908e-11  3.307e-07 
 PARAMETER  CORRELATION COEFFICIENTS  
       NO.  GLOBAL      1      2      3      4      5      6      7      8      9     10
        1  0.68114   1.000  0.344  0.004 -0.252 -0.006  0.332  0.063 -0.086  0.000 -0.154
        2  0.88936   0.344  1.000 -0.063 -0.622 -0.010  0.740  0.132  0.697  0.000 -0.502
        3  0.74293   0.004 -0.063  1.000 -0.539 -0.015  0.005  0.011  0.002 -0.000 -0.032
        4  0.85806  -0.252 -0.622 -0.539  1.000  0.016 -0.540 -0.103 -0.507 -0.000  0.384
        5  0.02198  -0.006 -0.010 -0.015  0.016  1.000 -0.012 -0.012 -0.011  0.000  0.004
        6  0.84625   0.332  0.740  0.005 -0.540 -0.012  1.000  0.253  0.722  0.000 -0.287
        7  0.29041   0.063  0.132  0.011 -0.103 -0.012  0.253  1.000  0.107  0.000 -0.072
        8  0.86706  -0.086  0.697  0.002 -0.507 -0.011  0.722  0.107  1.000  0.000 -0.220
        9  0.00000   0.000  0.000 -0.000 -0.000  0.000  0.000  0.000  0.000  1.000 -0.000
       10  0.56500  -0.154 -0.502 -0.032  0.384  0.004 -0.287 -0.072 -0.220 -0.000  1.000
Real time 0:00:00, CP time 0.040
Real time 0:00:00, CP time 0.050, 2 slices
 **********
 **   19 **HESSE        5000
 **********
 COVARIANCE MATRIX CALCULATED SUCCESSFULLY
 FCN=-136335 FROM HESSE     STATUS=OK             86 CALLS        1112 TOTAL
                     EDM=0.00040436    STRATEGY= 1      ERROR MATRIX ACCURATE 
  EXT PARAMETER                                INTERNAL      INTERNAL  
  NO.   NAME      VALUE            ERROR       STEP SIZE       VALUE   
   1  alpha        1.97076e+00   1.09289e-01   3.58560e-04  -3.53653e-01
   2  effBkg       8.60346e-02   1.21772e-02   1.65743e-04  -9.75408e-01
   3  efficiency   9.76629e-01   1.00239e-02   4.46353e-04   1.26384e+00
   4  fSigAll      4.58997e-01   9.41801e-03   4.38282e-04  -8.20983e-02
   5  lf          -6.69647e-01   9.76128e-02   2.00873e-04  -1.34333e-01
   6  lp          -8.58188e-02   8.87620e-01   3.92934e-03   3.15876e+00
   7  mean         3.09113e+00   6.11330e-04   2.97609e-04  -8.88433e-02
   8  n            4.12155e+00   4.72598e+00   8.40005e-04  -1.16678e+00
   9  numTot       1.60400e+04   1.26648e+02   8.05032e-05  -3.10273e-04
  10  sigma        4.44873e-02   5.94288e-04   2.48337e-04   2.26294e-01
                               ERR DEF= 0.5
 EXTERNAL ERROR MATRIX.    NDIM=  25    NPAR= 10    ERR DEF=0.5
  1.195e-02  8.962e-05  4.310e-06 -5.665e-05 -1.909e-05  4.519e-03  1.839e-06 -1.706e-01 -3.071e-07 -5.368e-06 
  8.962e-05  1.484e-04 -6.500e-06 -8.127e-05 -1.705e-05  9.002e-03  1.278e-06  4.658e-02 -1.562e-07 -3.892e-06 
  4.310e-06 -6.500e-06  1.006e-04 -4.631e-05 -1.346e-05  3.388e-05  7.031e-08  4.050e-05  6.219e-08 -1.934e-07 
 -5.665e-05 -8.127e-05 -4.631e-05  8.871e-05  1.729e-05 -5.485e-03 -8.125e-07 -2.831e-02  3.718e-08  2.464e-06 
 -1.909e-05 -1.705e-05 -1.346e-05  1.729e-05  9.529e-03 -1.419e-03 -7.656e-07 -7.158e-03  1.357e-09  4.014e-07 
  4.519e-03  9.002e-03  3.388e-05 -5.485e-03 -1.419e-03  7.963e-01  1.462e-04  3.505e+00 -5.464e-06 -1.947e-04 
  1.839e-06  1.278e-06  7.031e-08 -8.125e-07 -7.656e-07  1.462e-04  3.737e-07  4.348e-04 -1.345e-09 -3.602e-08 
 -1.706e-01  4.658e-02  4.050e-05 -2.831e-02 -7.158e-03  3.505e+00  4.348e-04  2.278e+01 -1.809e-05 -8.697e-04 
 -3.071e-07 -1.562e-07  6.219e-08  3.718e-08  1.357e-09 -5.464e-06 -1.345e-09 -1.809e-05  1.604e+04  2.230e-08 
 -5.368e-06 -3.892e-06 -1.934e-07  2.464e-06  4.014e-07 -1.947e-04 -3.602e-08 -8.697e-04  2.230e-08  3.533e-07 
 PARAMETER  CORRELATION COEFFICIENTS  
       NO.  GLOBAL      1      2      3      4      5      6      7      8      9     10
        1  0.73005   1.000  0.067  0.004 -0.055 -0.002  0.046  0.028 -0.327 -0.000 -0.083
        2  0.92750   0.067  1.000 -0.053 -0.708 -0.014  0.828  0.172  0.801 -0.000 -0.538
        3  0.75175   0.004 -0.053  1.000 -0.490 -0.014  0.004  0.011  0.001  0.000 -0.032
        4  0.89062  -0.055 -0.708 -0.490  1.000  0.019 -0.653 -0.141 -0.630  0.000  0.440
        5  0.02398  -0.002 -0.014 -0.014  0.019  1.000 -0.016 -0.013 -0.015  0.000  0.007
        6  0.90239   0.046  0.828  0.004 -0.653 -0.016  1.000  0.268  0.823 -0.000 -0.367
        7  0.30946   0.028  0.172  0.011 -0.141 -0.013  0.268  1.000  0.149 -0.000 -0.099
        8  0.93655  -0.327  0.801  0.001 -0.630 -0.015  0.823  0.149  1.000 -0.000 -0.307
        9  0.00000  -0.000 -0.000  0.000  0.000  0.000 -0.000 -0.000 -0.000  1.000  0.000
       10  0.60231  -0.083 -0.538 -0.032  0.440  0.007 -0.367 -0.099 -0.307  0.000  1.000
Real time 0:00:00, CP time 0.000
Real time 0:00:00, CP time 0.050, 3 slices
 **********
 **   11 **SET PRINT           1
 **********
 **********
 **   12 **SET NOGRAD
 **********
 PARAMETER DEFINITIONS:
    NO.   NAME         VALUE      STEP SIZE      LIMITS
     1 alpha        1.97076e+00  1.09289e-01    5.00000e-01  5.00000e+00
     2 effBkg       8.60346e-02  1.21772e-02    0.00000e+00  1.00000e+00
     3 efficiency   9.76629e-01  1.00239e-02    0.00000e+00  1.00000e+00
     4 fSigAll      4.58997e-01  9.41801e-03    0.00000e+00  1.00000e+00
     5 lf          -6.69647e-01  9.76128e-02   -5.00000e+00  5.00000e+00
     6 lp          -8.58188e-02  8.87620e-01   -5.00000e+00  5.00000e+00
     7 mean         3.09113e+00  6.11330e-04    3.00000e+00  3.20000e+00
     8 n            4.12155e+00  4.72598e+00    1.00000e-01  1.00000e+02
 MINUIT WARNING IN PARAMETR
 ============== VARIABLE8 BROUGHT BACK INSIDE LIMITS.
     9 numTot       1.60400e+04  1.26648e+02    0.00000e+00  3.20900e+04
    10 sigma        4.44873e-02  5.94288e-04    2.00000e-02  6.00000e-02
 **********
 **   13 **SET ERR         0.5
 **********
 **********
 **   14 **SET PRINT           1
 **********
 **********
 **   15 **SET STR           2
 **********
 NOW USING STRATEGY  2: MAKE SURE MINIMUM TRUE, ERRORS CORRECT  
 **********
 **   16 **MIGRAD        5000           1
 **********
 FIRST CALL TO USER FUNCTION AT NEW START POINT, WITH IFLAG=4.
 START MIGRAD MINIMIZATION.  STRATEGY  2.  CONVERGENCE WHEN EDM .LT. 1.00e-03
 COVARIANCE MATRIX CALCULATED SUCCESSFULLY
 FCN=-136335 FROM HESSE     STATUS=OK            144 CALLS         145 TOTAL
                     EDM=0.000182094    STRATEGY= 2      ERROR MATRIX ACCURATE 
  EXT PARAMETER                                   STEP         FIRST   
  NO.   NAME      VALUE            ERROR          SIZE      DERIVATIVE 
   1  alpha        1.97076e+00   1.10381e-01   3.36430e-01  -3.83156e-01
   2  effBkg       8.60346e-02   7.09194e-03   1.32495e-01   8.07140e-02
   3  efficiency   9.76629e-01   6.40559e-03   3.57239e-01   8.98113e-03
   4  fSigAll      4.58997e-01   5.77468e-03   7.01292e-02  -4.42707e-01
   5  lf          -6.69647e-01   9.75918e-02   1.97014e-03   7.36081e-02
   6  lp          -8.58188e-02   5.95041e-01   5.00000e-01  -1.58951e-01
   7  mean         3.09113e+00   6.13696e-04   4.76184e-02   2.63683e-01
   8  n            4.12155e+00   8.41128e-01   2.69822e-01  -1.09312e-01
   9  numTot       1.60400e+04   1.26648e+02   7.89338e-04   2.16701e-02
  10  sigma        4.44873e-02   5.40152e-04   1.98626e-01   9.67155e-02
                               ERR DEF= 0.5
 MIGRAD MINIMIZATION HAS CONVERGED.
 MIGRAD WILL VERIFY CONVERGENCE AND ERROR MATRIX.
 COVARIANCE MATRIX CALCULATED SUCCESSFULLY
 FCN=-136335 FROM MIGRAD    STATUS=CONVERGED     268 CALLS         269 TOTAL
                     EDM=0.000149905    STRATEGY= 2      ERROR MATRIX ACCURATE 
  EXT PARAMETER                                   STEP         FIRST   
  NO.   NAME      VALUE            ERROR          SIZE      DERIVATIVE 
   1  alpha        1.97133e+00   1.07293e-01   2.91097e-03   8.19710e-03
   2  effBkg       8.60130e-02   1.30278e-02   1.17096e-03  -1.37053e-01
   3  efficiency   9.76622e-01   1.00454e-02   5.77645e-04   3.69078e-02
   4  fSigAll      4.59020e-01   9.84682e-03   2.19097e-03  -1.00322e-01
   5  lf          -6.69748e-01   9.76176e-02   3.94028e-03   2.04939e-02
   6  lp          -8.18552e-02   9.54665e-01   2.07142e-02  -8.20092e-03
   7  mean         3.09112e+00   6.14155e-04   1.49490e-03   7.77615e-02
   8  n            4.12241e+00   4.90418e+00   2.88360e-03   5.55157e-02
   9  numTot       1.60400e+04   1.26648e+02   3.15735e-04   5.83947e-03
  10  sigma        4.44880e-02   6.04927e-04   1.77840e-03   2.95412e-03
                               ERR DEF= 0.5
 EXTERNAL ERROR MATRIX.    NDIM=  25    NPAR= 10    ERR DEF=0.5
  1.152e-02  1.887e-04  4.626e-06 -1.169e-04 -3.412e-05 -1.213e-02  2.769e-06 -1.219e-01 -2.333e-07 -7.054e-06 
  1.887e-04  1.698e-04 -6.218e-06 -9.443e-05 -2.024e-05 -1.067e-02  1.566e-06  5.333e-02  4.945e-08 -4.428e-06 
  4.626e-06 -6.218e-06  1.011e-04 -4.678e-05 -1.456e-05 -5.770e-05  7.379e-08  1.603e-04  6.508e-09 -2.019e-07 
 -1.169e-04 -9.443e-05 -4.678e-05  9.697e-05  1.981e-05  6.510e-03 -9.889e-07 -3.247e-02 -3.625e-08  2.793e-06 
 -3.412e-05 -2.024e-05 -1.456e-05  1.981e-05  9.530e-03  1.668e-03 -8.089e-07 -8.177e-03 -5.409e-08  4.853e-07 
 -1.213e-02 -1.067e-02 -5.770e-05  6.510e-03  1.668e-03  9.227e-01 -1.676e-04 -4.024e+00 -3.920e-06  2.373e-04 
  2.769e-06  1.566e-06  7.379e-08 -9.889e-07 -8.089e-07 -1.676e-04  3.772e-07  5.297e-04  4.744e-10 -4.280e-08 
 -1.219e-01  5.333e-02  1.603e-04 -3.247e-02 -8.177e-03 -4.024e+00  5.297e-04  2.457e+01  2.701e-05 -1.053e-03 
 -2.333e-07  4.945e-08  6.508e-09 -3.625e-08 -5.409e-08 -3.920e-06  4.744e-10  2.701e-05  1.604e+04 -1.471e-09 
 -7.054e-06 -4.428e-06 -2.019e-07  2.793e-06  4.853e-07  2.373e-04 -4.280e-08 -1.053e-03 -1.471e-09  3.661e-07 
 PARAMETER  CORRELATION COEFFICIENTS  
       NO.  GLOBAL      1      2      3      4      5      6      7      8      9     10
        1  0.71649   1.000  0.135  0.004 -0.111 -0.003 -0.118  0.042 -0.229 -0.000 -0.109
        2  0.93699   0.135  1.000 -0.047 -0.736 -0.016 -0.852  0.196  0.826  0.000 -0.562
        3  0.75297   0.004 -0.047  1.000 -0.473 -0.015 -0.006  0.012  0.003  0.000 -0.033
        4  0.90046  -0.111 -0.736 -0.473  1.000  0.021  0.688 -0.164 -0.665 -0.000  0.469
        5  0.02562  -0.003 -0.016 -0.015  0.021  1.000  0.018 -0.013 -0.017 -0.000  0.008
        6  0.91633  -0.118 -0.852 -0.006  0.688  0.018  1.000 -0.284 -0.845 -0.000  0.408
        7  0.32256   0.042  0.196  0.012 -0.164 -0.013 -0.284  1.000  0.174  0.000 -0.115
        8  0.94074  -0.229  0.826  0.003 -0.665 -0.017 -0.845  0.174  1.000  0.000 -0.351
        9  0.00000  -0.000  0.000  0.000 -0.000 -0.000 -0.000  0.000  0.000  1.000 -0.000
       10  0.62046  -0.109 -0.562 -0.033  0.469  0.008  0.408 -0.115 -0.351 -0.000  1.000
 **********
 **   17 **SET ERR         0.5
 **********
 **********
 **   18 **SET PRINT           1
 **********
 **********
 **   19 **HESSE        5000
 **********
 COVARIANCE MATRIX CALCULATED SUCCESSFULLY
 FCN=-136335 FROM HESSE     STATUS=OK             86 CALLS         355 TOTAL
                     EDM=0.00015944    STRATEGY= 2      ERROR MATRIX ACCURATE 
  EXT PARAMETER                                INTERNAL      INTERNAL  
  NO.   NAME      VALUE            ERROR       STEP SIZE       VALUE   
   1  alpha        1.97133e+00   1.10378e-01   2.32877e-05  -3.53384e-01
   2  effBkg       8.60130e-02   1.28343e-02   2.34192e-04  -9.75485e-01
   3  efficiency   9.76622e-01   1.00306e-02   1.15529e-04   1.26379e+00
   4  fSigAll      4.59020e-01   9.73845e-03   4.38195e-04  -8.20513e-02
   5  lf          -6.69748e-01   9.76153e-02   1.57611e-04  -1.34353e-01
   6  lp          -8.18552e-02   9.38100e-01   8.28567e-04  -1.63718e-02
   7  mean         3.09112e+00   6.12734e-04   5.97958e-05  -8.88683e-02
   8  n            4.12241e+00   5.04949e+00   1.15344e-04  -1.16673e+00
   9  numTot       1.60400e+04   1.26649e+02   1.26294e-05  -3.11260e-04
  10  sigma        4.44880e-02   6.00294e-04   7.11359e-05   2.26328e-01
                               ERR DEF= 0.5
 EXTERNAL ERROR MATRIX.    NDIM=  25    NPAR= 10    ERR DEF=0.5
  1.219e-02  5.374e-05  4.382e-06 -3.489e-05 -1.358e-05 -1.802e-03  1.498e-06 -1.898e-01  7.862e-06 -4.731e-06 
  5.374e-05  1.648e-04 -6.484e-06 -9.127e-05 -1.951e-05 -1.025e-02  1.447e-06  5.387e-02  7.033e-06 -4.232e-06 
  4.382e-06 -6.484e-06  1.008e-04 -4.641e-05 -1.346e-05 -3.607e-05  7.080e-08  5.005e-05  3.234e-07 -1.946e-07 
 -3.489e-05 -9.127e-05 -4.641e-05  9.485e-05  1.879e-05  6.246e-03 -9.155e-07 -3.275e-02 -4.439e-06  2.671e-06 
 -1.358e-05 -1.951e-05 -1.346e-05  1.879e-05  9.530e-03  1.605e-03 -7.907e-07 -8.250e-03 -7.518e-07  4.525e-07 
 -1.802e-03 -1.025e-02 -3.607e-05  6.246e-03  1.605e-03  8.906e-01 -1.589e-04 -4.057e+00 -3.669e-04  2.208e-04 
  1.498e-06  1.447e-06  7.080e-08 -9.155e-07 -7.907e-07 -1.589e-04  3.754e-07  5.082e-04  6.611e-08 -3.979e-08 
