The iteration is Run2016B_H
The den is looseid
The den is gentrack
Will run scenario  data
The sample is data_all
The binning is pt_eta
Will use the standard fit functions for the backgroud
debug1
debug1
den is gentrack dic genTracks
num is looseid dic LooseID
par is pt_eta
debug5
Loose_noIP
('NUM_LooseID_DEN_genTracks_PAR_pt_eta', cms.PSet(

))
den is gentrack
Fitting bin:  abseta_bin0__pt_bin0__CBPlusExpo
Fitting bin:  abseta_bin1__pt_bin0__CBPlusExpo
 **********
 **    9 **SET STR           1
 **********
 NOW USING STRATEGY  1: TRY TO BALANCE SPEED AGAINST RELIABILITY
Minuit2Minimizer: Minimize with max-calls 5000 convergence for edm < 1 strategy 1
Minuit2Minimizer : Valid minimum - status = 0
FVAL  = -7383.86360109995803
Edm   = 0
Nfcn  = 1
alpha	  = 2.09976	 +/-  0.433597	(limited)
effBkg	  = 0.797198	 +/-  0.068892	(limited)
efficiency	  = 0.797198	 +/-  0.068892	(limited)
fSigAll	  = 0.797198	 +/-  0.068892	(limited)
lf	  = -2	 +/-  0.916515	(limited)
lp	  = -1.9	 +/-  0.924986	(limited)
mean	  = 3.08	 +/-  0.0195959	(limited)
n	  = 0.100095	 +/-  0.0607998	(limited)
numTot	  = 1546	 +/-  310.2	(limited)
sigma	  = 0.0580778	 +/-  0.00199498	(limited)
 **********
 **   14 **MIGRAD        5000           1
 **********
 FIRST CALL TO USER FUNCTION AT NEW START POINT, WITH IFLAG=4.
 START MIGRAD MINIMIZATION.  STRATEGY  1.  CONVERGENCE WHEN EDM .LT. 1.00e-03
 FCN=-7567.87 FROM MIGRAD    STATUS=INITIATE       75 CALLS          76 TOTAL
                     EDM= unknown      STRATEGY= 1      NO ERROR MATRIX       
  EXT PARAMETER               CURRENT GUESS       STEP         FIRST   
  NO.   NAME      VALUE            ERROR          SIZE      DERIVATIVE 
   1  alpha        7.34302e-01   4.33597e-01  -8.17200e-01   2.04188e+01
   2  effBkg       7.97198e-01   6.88920e-02   0.00000e+00   8.77298e+02
   3  efficiency   7.97198e-01   6.88920e-02   0.00000e+00   2.13566e+03
   4  fSigAll      7.97198e-01   6.88920e-02   0.00000e+00   3.36207e+02
   5  lf          -2.00000e+00   9.16515e-01   0.00000e+00  -1.32341e+02
   6  lp          -1.90000e+00   9.24986e-01   0.00000e+00  -1.39515e+00
   7  mean         3.08000e+00   1.95959e-02   0.00000e+00  -2.68419e+02
   8  n            1.00095e-01   6.07998e-02   0.00000e+00   5.12490e+00
   9  numTot       1.54600e+03   3.10200e+02   0.00000e+00  -1.20103e-03
  10  sigma        5.80778e-02   1.99498e-03   0.00000e+00  -4.80460e+01
                               ERR DEF= 0.5
 MIGRAD MINIMIZATION HAS CONVERGED.
 MIGRAD WILL VERIFY CONVERGENCE AND ERROR MATRIX.
 COVARIANCE MATRIX CALCULATED SUCCESSFULLY
 FCN=-10090.4 FROM HESSE     STATUS=OK             98 CALLS        2263 TOTAL
                     EDM=0.0101218    STRATEGY= 1      ERROR MATRIX ACCURATE 
  EXT PARAMETER                                   STEP         FIRST   
  NO.   NAME      VALUE            ERROR          SIZE      DERIVATIVE 
   1  alpha        2.48359e+00   1.85866e+00   5.87327e-02  -3.12532e-03
   2  effBkg       8.20599e-03   2.76890e-03   2.00590e-03  -7.90619e-02
   3  efficiency   9.60669e-02   4.38598e-02   8.43324e-03   2.05296e-02
   4  fSigAll      6.10922e-02   2.20139e-02   3.55319e-03  -9.63784e-02
   5  lf          -1.89103e+00   2.37175e-01   3.47360e-03   9.11249e-03
   6  lp          -1.50330e+00   2.46395e+00   3.69838e-02   1.84726e-03
   7  mean         3.09090e+00   4.79109e-03   3.32190e-03  -5.57435e-02
   8  n            7.74032e+00   5.17491e+01   2.80475e-01   1.08134e-02
   9  numTot       1.54600e+03   3.93149e+01   1.75840e-03  -4.34695e-03
  10  sigma        2.01788e-02   3.99073e-02   1.17215e-01  -3.23674e-02
                               ERR DEF= 0.5
 MINUIT WARNING IN MIGRAD  
 ============== Negative diagonal element 1 in Error Matrix
 MINUIT WARNING IN MIGRAD  
 ============== Negative diagonal element 4 in Error Matrix
 MINUIT WARNING IN MIGRAD  
 ============== Negative diagonal element 8 in Error Matrix
 MINUIT WARNING IN MIGRAD  
 ============== 10462.9 added to diagonal of error matrix
 EIGENVALUES OF SECOND-DERIVATIVE MATRIX:
        -1.0738e+01  9.9999e-01  1.0000e+00  1.0000e+00  1.0000e+00  1.0000e+00  1.0000e+00  1.0000e+00  1.0000e+00  1.2738e+01
 MINUIT WARNING IN MIGRAD  
 ============== MATRIX FORCED POS-DEF BY ADDING 10.750904 TO DIAGONAL.
 MIGRAD FAILS TO FIND IMPROVEMENT
 MIGRAD TERMINATED WITHOUT CONVERGENCE.
 FCN=-10090.4 FROM MIGRAD    STATUS=FAILED       2613 CALLS        2614 TOTAL
                     EDM=8.61303    STRATEGY= 1  ERROR MATRIX UNCERTAINTY  19.6 per cent
  EXT PARAMETER                APPROXIMATE        STEP         FIRST   
  NO.   NAME      VALUE            ERROR          SIZE      DERIVATIVE 
   1  alpha        3.00757e+00   3.23908e+00   0.00000e+00  -1.27010e-02
   2  effBkg       8.20358e-03   5.17973e-01  -0.00000e+00  -3.33659e-05
   3  efficiency   9.57322e-02   5.43726e-01  -0.00000e+00   2.47322e-03
   4  fSigAll      6.14612e-02   8.21342e-01  -0.00000e+00  -7.03814e-04
   5  lf          -1.89201e+00   8.40507e+00  -0.00000e+00   4.52856e-03
   6  lp          -1.51312e+00   5.88878e+00   0.00000e+00  -1.22442e-03
   7  mean         3.09086e+00   1.41012e-01  -0.00000e+00  -1.85561e-03
   8  n            9.90816e+01   9.49328e+01   0.00000e+00  -8.20810e-06
   9  numTot       1.54599e+03   2.28947e+03  -0.00000e+00  -7.56351e-03
  10  sigma        2.04683e-02   3.82739e-02  -0.00000e+00   4.19061e-03
                               ERR DEF= 0.5
 EXTERNAL ERROR MATRIX.    NDIM=  25    NPAR= 10    ERR DEF=0.5
  2.816e+05 -1.364e+02 -8.990e+03 -4.079e+02 -3.799e+04  1.574e+03  1.053e+03  1.182e+04 -1.654e+07  2.405e+00 
 -1.364e+02  2.969e-01  1.051e+00 -6.114e+00 -3.092e+02  4.144e+01 -9.560e+00 -5.704e+00  8.667e+03 -2.095e-02 
 -8.990e+03  1.051e+00  3.369e+02  1.055e+02  5.933e+03  9.192e+02  9.696e+01 -3.782e+02  5.186e+05  1.223e+00 
 -4.079e+02 -6.114e+00  1.055e+02  1.749e+02  9.027e+03 -1.116e+01  2.465e+02 -1.827e+01  6.012e+03  1.502e+00 
 -3.799e+04 -3.092e+02  5.933e+03  9.027e+03  4.734e+05 -2.709e+03  1.280e+04 -1.606e+03  1.295e+06 -6.914e+00 
  1.574e+03  4.144e+01  9.192e+02 -1.116e+01 -2.709e+03  1.396e+06  9.484e+00 -3.869e+01 -7.705e+04 -2.298e-01 
  1.053e+03 -9.560e+00  9.696e+01  2.465e+02  1.280e+04  9.484e+00  3.614e+02  4.379e+01 -8.771e+04 -1.153e-01 
  1.182e+04 -5.704e+00 -3.782e+02 -1.827e+01 -1.606e+03 -3.869e+01  4.379e+01  4.974e+02 -6.942e+05 -5.402e-01 
 -1.654e+07  8.667e+03  5.186e+05  6.012e+03  1.295e+06 -7.705e+04 -8.771e+04 -6.942e+05  9.736e+08 -1.246e+02 
  2.405e+00 -2.095e-02  1.223e+00  1.502e+00 -6.914e+00 -2.298e-01 -1.153e-01 -5.402e-01 -1.246e+02  1.137e+00 
ERR MATRIX APPROXIMATE
 PARAMETER  CORRELATION COEFFICIENTS  
       NO.  GLOBAL      1      2      3      4      5      6      7      8      9     10
        1  1.00000   1.000 -0.472 -0.923 -0.058 -0.104  0.003  0.104  0.998 -0.999  0.004
        2  0.99999  -0.472  1.000  0.105 -0.848 -0.825  0.064 -0.923 -0.469  0.510 -0.036
        3  1.00000  -0.923  0.105  1.000  0.435  0.470  0.042  0.278 -0.924  0.906  0.062
        4  1.00000  -0.058 -0.848  0.435  1.000  0.992 -0.001  0.980 -0.062  0.015  0.107
        5  1.00000  -0.104 -0.825  0.470  0.992  1.000 -0.003  0.978 -0.105  0.060 -0.009
        6  0.99923   0.003  0.064  0.042 -0.001 -0.003  1.000  0.000 -0.001 -0.002 -0.000
        7  1.00000   0.104 -0.923  0.278  0.980  0.978  0.000  1.000  0.103 -0.148 -0.006
        8  0.99884   0.998 -0.469 -0.924 -0.062 -0.105 -0.001  0.103  1.000 -0.997 -0.023
        9  1.00000  -0.999  0.510  0.906  0.015  0.060 -0.002 -0.148 -0.997  1.000 -0.004
       10  0.99996   0.004 -0.036  0.062  0.107 -0.009 -0.000 -0.006 -0.023 -0.004  1.000
 ERR MATRIX APPROXIMATE
Real time 0:00:00, CP time 0.060
Real time 0:00:00, CP time 0.270, 2 slices
 **********
 **   19 **HESSE        5000
 **********
 COVARIANCE MATRIX CALCULATED SUCCESSFULLY
 FCN=-10090.4 FROM HESSE     STATUS=OK            104 CALLS        2718 TOTAL
                     EDM=0.000201221    STRATEGY= 1      ERROR MATRIX ACCURATE 
  EXT PARAMETER                                INTERNAL      INTERNAL  
  NO.   NAME      VALUE            ERROR       STEP SIZE       VALUE   
   1  alpha        3.00757e+00   2.88443e+00   3.29959e-01   1.14725e-01
   2  effBkg       8.20358e-03   2.70595e-03   2.00555e-03  -1.38940e+00
   3  efficiency   9.57322e-02   4.05076e-02   8.39506e-03  -2.19993e+00
   4  fSigAll      6.14612e-02   1.57676e-02   3.55492e-03  -7.35293e+00
   5  lf          -1.89201e+00   2.33177e-01   3.47486e-03   3.10279e+01
   6  lp          -1.51312e+00   2.42828e+00   3.70517e-02  -3.07445e-01
   7  mean         3.09086e+00   4.86452e-03   3.37414e-03   3.23313e+00
   8  n            9.90816e+01   9.62593e+01   5.00000e-01  -4.90444e+00
   9  numTot       1.54599e+03   3.93148e+01   1.75852e-03  -3.22756e-03
  10  sigma        2.04683e-02   2.37633e-02   6.67671e-02  -1.35398e+00
                               ERR DEF= 0.5
 EXTERNAL ERROR MATRIX.    NDIM=  25    NPAR= 10    ERR DEF=0.5
  8.002e+01 -3.282e-06  3.198e-03  2.316e-03 -5.714e-03 -4.112e-02  5.505e-04  5.198e+01  1.520e-08  1.836e-03 
 -3.282e-06  7.324e-06  2.383e-05 -1.813e-06 -4.764e-07  1.280e-04 -1.884e-07 -4.085e-04  5.416e-11 -8.729e-07 
  3.198e-03  2.383e-05  1.651e-03  2.694e-04 -3.778e-04  1.752e-03 -3.054e-07 -1.265e-02  2.351e-09  4.509e-05 
  2.316e-03 -1.813e-06  2.694e-04  2.490e-04 -2.638e-04 -1.526e-04  1.848e-06 -4.546e-03  9.826e-10  4.172e-05 
 -5.714e-03 -4.764e-07 -3.778e-04 -2.638e-04  5.442e-02  1.789e-03  9.226e-05  3.136e-02 -4.627e-09 -5.107e-05 
 -4.112e-02  1.280e-04  1.752e-03 -1.526e-04  1.789e-03  6.492e+00  4.373e-04  3.771e-01  1.598e-09 -3.079e-05 
  5.505e-04 -1.884e-07 -3.054e-07  1.848e-06  9.226e-05  4.373e-04  2.368e-05 -1.811e-03 -8.558e-13  5.362e-07 
  5.198e+01 -4.085e-04 -1.265e-02 -4.546e-03  3.136e-02  3.771e-01 -1.811e-03  2.163e+06 -4.628e-08 -5.682e-03 
  1.520e-08  5.416e-11  2.351e-09  9.826e-10 -4.627e-09  1.598e-09 -8.558e-13 -4.628e-08  1.546e+03  2.236e-10 
  1.836e-03 -8.729e-07  4.509e-05  4.172e-05 -5.107e-05 -3.079e-05  5.362e-07 -5.682e-03  2.236e-10  2.422e-05 
 PARAMETER  CORRELATION COEFFICIENTS  
       NO.  GLOBAL      1      2      3      4      5      6      7      8      9     10
        1  0.04434   1.000 -0.000  0.009  0.016 -0.003 -0.002  0.013  0.004  0.000  0.042
        2  0.26725  -0.000  1.000  0.217 -0.042 -0.001  0.019 -0.014 -0.000  0.000 -0.066
        3  0.48180   0.009  0.217  1.000  0.420 -0.040  0.017 -0.002 -0.000  0.000  0.225
        4  0.62571   0.016 -0.042  0.420  1.000 -0.072 -0.004  0.024 -0.000  0.000  0.537
        5  0.11041  -0.003 -0.001 -0.040 -0.072  1.000  0.003  0.081  0.000 -0.000 -0.044
        6  0.04359  -0.002  0.019  0.017 -0.004  0.003  1.000  0.035  0.000  0.000 -0.002
        7  0.09636   0.013 -0.014 -0.002  0.024  0.081  0.035  1.000 -0.000 -0.000  0.022
        8  0.00409   0.004 -0.000 -0.000 -0.000  0.000  0.000 -0.000  1.000 -0.000 -0.001
        9  0.00000   0.000  0.000  0.000  0.000 -0.000  0.000 -0.000 -0.000  1.000  0.000
       10  0.54020   0.042 -0.066  0.225  0.537 -0.044 -0.002  0.022 -0.001  0.000  1.000
Real time 0:00:00, CP time 0.010
Real time 0:00:00, CP time 0.280, 3 slices
 **********
 **    1 **SET PRINT           1
 **********
 **********
 **    2 **SET NOGRAD
 **********
 PARAMETER DEFINITIONS:
    NO.   NAME         VALUE      STEP SIZE      LIMITS
     1 alpha        3.00757e+00  2.88443e+00    5.00000e-01  5.00000e+00
 MINUIT WARNING IN PARAMETR
 ============== VARIABLE1 BROUGHT BACK INSIDE LIMITS.
 MINUIT WARNING IN PARAMETR
 ============== VARIABLE1 BROUGHT BACK INSIDE LIMITS.
     2 effBkg       8.20358e-03  2.70595e-03    0.00000e+00  1.00000e+00
     3 efficiency   9.57322e-02  4.05076e-02    0.00000e+00  1.00000e+00
     4 fSigAll      6.14612e-02  1.57676e-02    0.00000e+00  1.00000e+00
     5 lf          -1.89201e+00  2.33177e-01   -5.00000e+00  5.00000e+00
     6 lp          -1.51312e+00  2.42828e+00   -5.00000e+00  5.00000e+00
     7 mean         3.09086e+00  4.86452e-03    3.00000e+00  3.20000e+00
     8 n            9.90816e+01  9.62593e+01    1.00000e-01  1.00000e+02
 MINUIT WARNING IN PARAMETR
 ============== VARIABLE8 BROUGHT BACK INSIDE LIMITS.
     9 numTot       1.54599e+03  3.93148e+01    0.00000e+00  3.10200e+03
    10 sigma        2.04683e-02  2.37633e-02    2.00000e-02  6.00000e-02
 MINUIT WARNING IN PARAMETR
 ============== VARIABLE10 BROUGHT BACK INSIDE LIMITS.
 **********
 **    3 **SET ERR         0.5
 **********
 **********
 **    4 **SET PRINT           1
 **********
 **********
 **    5 **SET STR           2
 **********
 NOW USING STRATEGY  2: MAKE SURE MINIMUM TRUE, ERRORS CORRECT  
 **********
 **    6 **MIGRAD        5000           1
 **********
 FIRST CALL TO USER FUNCTION AT NEW START POINT, WITH IFLAG=4.
 START MIGRAD MINIMIZATION.  STRATEGY  2.  CONVERGENCE WHEN EDM .LT. 1.00e-03
 EIGENVALUES OF SECOND-DERIVATIVE MATRIX:
        -8.4382e-02  6.7147e-01  8.8471e-01  9.9811e-01  1.0000e+00  1.0017e+00  1.0018e+00  1.0123e+00  1.3356e+00  2.1787e+00
 MINUIT WARNING IN HESSE   
 ============== MATRIX FORCED POS-DEF BY ADDING 0.086561 TO DIAGONAL.
 FCN=-10090.4 FROM HESSE     STATUS=NOT POSDEF    140 CALLS         141 TOTAL
                     EDM=0.00192524    STRATEGY= 2      ERR MATRIX NOT POS-DEF
  EXT PARAMETER                APPROXIMATE        STEP         FIRST   
  NO.   NAME      VALUE            ERROR          SIZE      DERIVATIVE 
   1  alpha        3.00757e+00   3.10303e+00   5.00000e-01  -7.86212e-03
   2  effBkg       8.20358e-03   2.90794e-03   6.41761e-02   3.32754e-03
   3  efficiency   9.57322e-02   5.27342e-01   2.68652e-01  -2.06991e-03
   4  fSigAll      6.14612e-02   1.55707e-01   1.13758e-01  -3.06782e-03
   5  lf          -1.89201e+00   3.30136e-01   1.11197e-01   3.42700e-03
   6  lp          -1.51312e+00   2.43928e+00   5.00000e-01  -2.09912e-03
   7  mean         3.09086e+00   2.39252e-02   1.07975e-01   1.80595e-03
   8  n            9.90816e+01   9.60643e+01   5.00000e-01  -7.54658e-06
   9  numTot       1.54599e+03   3.77067e+01   5.62722e-02  -5.96342e-03
  10  sigma        2.04683e-02   3.84242e-02   5.00000e-01  -5.96770e-03
                               ERR DEF= 0.5
 MIGRAD FAILS TO FIND IMPROVEMENT
 MIGRAD MINIMIZATION HAS CONVERGED.
 MIGRAD WILL VERIFY CONVERGENCE AND ERROR MATRIX.
 COVARIANCE MATRIX CALCULATED SUCCESSFULLY
 FCN=-10090.4 FROM MIGRAD    STATUS=CONVERGED     268 CALLS         269 TOTAL
                     EDM=0.000163773    STRATEGY= 2      ERROR MATRIX ACCURATE 
  EXT PARAMETER                                   STEP         FIRST   
  NO.   NAME      VALUE            ERROR          SIZE      DERIVATIVE 
   1  alpha        3.00808e+00   3.16398e+00   3.15302e-01  -2.61186e-03
   2  effBkg       8.20409e-03   2.70265e-03   5.59034e-04   7.06154e-03
   3  efficiency   9.56283e-02   4.03084e-02   2.40051e-03  -1.05071e-02
   4  fSigAll      6.15193e-02   1.52919e-02   1.00771e-03   3.75563e-02
   5  lf          -1.89209e+00   2.33148e-01   9.84617e-04   4.83683e-03
   6  lp          -1.51320e+00   2.42791e+00   1.09158e-02  -2.05060e-03
   7  mean         3.09087e+00   4.86651e-03   3.45364e-03   3.75547e-02
   8  n            9.90953e+01   5.03499e+01   2.00000e-01  -7.52218e-06
   9  numTot       1.54599e+03   3.93148e+01   4.97249e-04  -5.93513e-03
  10  sigma        2.04834e-02   2.33195e-02   1.50399e-02  -4.31311e-03
                               ERR DEF= 0.5
 EXTERNAL ERROR MATRIX.    NDIM=  25    NPAR= 10    ERR DEF=0.5
  9.863e+01  1.100e-05 -3.127e-03  2.071e-03 -6.711e-03 -5.374e-02 -5.696e-04 -1.032e+02 -5.022e-07  2.000e-03 
  1.100e-05  7.306e-06 -2.359e-05 -1.585e-06 -9.332e-07  1.382e-04  2.311e-07  7.204e-04 -1.570e-10 -7.855e-07 
 -3.127e-03 -2.359e-05  1.635e-03 -2.564e-04  3.668e-04 -1.849e-03 -1.390e-06 -1.545e-02  5.317e-09 -3.882e-05 
  2.071e-03 -1.585e-06 -2.564e-04  2.342e-04 -2.474e-04 -1.773e-04 -1.500e-06  3.070e-03  1.808e-09  3.566e-05 
 -6.711e-03 -9.332e-07  3.668e-04 -2.474e-04  5.440e-02  1.775e-03 -9.292e-05 -4.488e-02  8.514e-08 -4.585e-05 
 -5.374e-02  1.382e-04 -1.849e-03 -1.773e-04  1.775e-03  6.490e+00 -4.284e-04 -5.780e-01 -4.640e-07 -4.707e-05 
 -5.696e-04  2.311e-07 -1.390e-06 -1.500e-06 -9.292e-05 -4.284e-04  2.370e-05 -2.294e-03 -1.455e-10  3.581e-08 
 -1.032e+02  7.204e-04 -1.545e-02  3.070e-03 -4.488e-02 -5.780e-01 -2.294e-03  2.203e+06  4.690e-07  6.948e-03 
 -5.022e-07 -1.570e-10  5.317e-09  1.808e-09  8.514e-08 -4.640e-07 -1.455e-10  4.690e-07  1.546e+03  2.562e-10 
  2.000e-03 -7.855e-07 -3.882e-05  3.566e-05 -4.585e-05 -4.707e-05  3.581e-08  6.948e-03  2.562e-10  2.276e-05 
 PARAMETER  CORRELATION COEFFICIENTS  
       NO.  GLOBAL      1      2      3      4      5      6      7      8      9     10
        1  0.04546   1.000  0.000 -0.008  0.014 -0.003 -0.002 -0.012 -0.007 -0.000  0.042
        2  0.26266   0.000  1.000 -0.216 -0.038 -0.001  0.020  0.018  0.000 -0.000 -0.061
        3  0.47542  -0.008 -0.216  1.000 -0.414  0.039 -0.018 -0.007 -0.000  0.000 -0.201
        4  0.59368   0.014 -0.038 -0.414  1.000 -0.069 -0.005 -0.020  0.000  0.000  0.489
        5  0.10904  -0.003 -0.001  0.039 -0.069  1.000  0.003 -0.082 -0.000  0.000 -0.041
        6  0.04430  -0.002  0.020 -0.018 -0.005  0.003  1.000 -0.035 -0.000 -0.000 -0.004
        7  0.09658  -0.012  0.018 -0.007 -0.020 -0.082 -0.035  1.000 -0.000 -0.000  0.002
        8  0.00715  -0.007  0.000 -0.000  0.000 -0.000 -0.000 -0.000  1.000  0.000  0.001
        9  0.00000  -0.000 -0.000  0.000  0.000  0.000 -0.000 -0.000  0.000  1.000  0.000
       10  0.49192   0.042 -0.061 -0.201  0.489 -0.041 -0.004  0.002  0.001  0.000  1.000
 **********
 **    7 **SET ERR         0.5
 **********
 **********
 **    8 **SET PRINT           1
 **********
 **********
 **    9 **HESSE        5000
 **********
 COVARIANCE MATRIX CALCULATED SUCCESSFULLY
 FCN=-10090.4 FROM HESSE     STATUS=OK             90 CALLS         359 TOTAL
                     EDM=0.00045702    STRATEGY= 2      ERROR MATRIX ACCURATE 
  EXT PARAMETER                                INTERNAL      INTERNAL  
  NO.   NAME      VALUE            ERROR       STEP SIZE       VALUE   
   1  alpha        3.00808e+00   3.00491e+00   5.00000e-01   1.14955e-01
   2  effBkg       8.20409e-03   2.70302e-03   1.11807e-04  -1.38939e+00
   3  efficiency   9.56283e-02   4.02064e-02   4.80102e-04  -9.42012e-01
   4  fSigAll      6.15193e-02   1.51369e-02   2.01541e-04  -1.06950e+00
   5  lf          -1.89209e+00   2.33129e-01   1.96923e-04  -3.88087e-01
   6  lp          -1.51320e+00   2.42793e+00   2.18315e-03  -3.07461e-01
   7  mean         3.09087e+00   4.86562e-03   6.90728e-04  -9.14574e-02
   8  n            9.90953e+01   5.19625e+01   4.00000e-02   1.38018e+00
   9  numTot       1.54599e+03   3.93148e+01   9.94498e-05  -3.22754e-03
  10  sigma        2.04834e-02   2.32370e-02   6.01597e-04  -1.35048e+00
                               ERR DEF= 0.5
 EXTERNAL ERROR MATRIX.    NDIM=  25    NPAR= 10    ERR DEF=0.5
  3.552e+01  1.055e-05 -5.581e-04  2.790e-04 -1.380e-03 -1.389e-02 -1.237e-04 -4.851e+01  2.883e-06  3.476e-04 
  1.055e-05  7.308e-06 -2.375e-05 -1.531e-06 -9.420e-07  1.428e-04  2.142e-07  1.422e-03  8.989e-09 -7.671e-07 
 -5.581e-04 -2.375e-05  1.627e-03 -2.498e-04  3.572e-04 -1.922e-03 -1.007e-06 -3.247e-02 -2.156e-07 -3.647e-05 
  2.790e-04 -1.531e-06 -2.498e-04  2.294e-04 -2.411e-04 -1.796e-04 -1.590e-06  7.640e-03  1.500e-07  3.388e-05 
 -1.380e-03 -9.420e-07  3.572e-04 -2.411e-04  5.440e-02  1.772e-03 -9.275e-05 -9.187e-02 -1.288e-06 -4.259e-05 
 -1.389e-02  1.428e-04 -1.922e-03 -1.796e-04  1.772e-03  6.490e+00 -4.292e-04 -1.170e+00  2.273e-05 -4.355e-05 
 -1.237e-04  2.142e-07 -1.007e-06 -1.590e-06 -9.275e-05 -4.292e-04  2.369e-05 -5.780e-03  9.120e-12 -1.912e-07 
 -4.851e+01  1.422e-03 -3.247e-02  7.640e-03 -9.187e-02 -1.170e+00 -5.780e-03  2.217e+06  1.072e-04  1.594e-02 
  2.883e-06  8.989e-09 -2.156e-07  1.500e-07 -1.288e-06  2.273e-05  9.120e-12  1.072e-04  1.546e+03  1.413e-07 
  3.476e-04 -7.671e-07 -3.647e-05  3.388e-05 -4.259e-05 -4.355e-05 -1.912e-07  1.594e-02  1.413e-07  2.231e-05 
 PARAMETER  CORRELATION COEFFICIENTS  
       NO.  GLOBAL      1      2      3      4      5      6      7      8      9     10
        1  0.01468   1.000  0.001 -0.002  0.003 -0.001 -0.001 -0.004 -0.005  0.000  0.012
        2  0.26314   0.001  1.000 -0.218 -0.037 -0.001  0.021  0.016  0.000  0.000 -0.060
        3  0.47124  -0.002 -0.218  1.000 -0.409  0.038 -0.019 -0.005 -0.001 -0.000 -0.191
        4  0.58233   0.003 -0.037 -0.409  1.000 -0.068 -0.005 -0.022  0.000  0.000  0.474
        5  0.10829  -0.001 -0.001  0.038 -0.068  1.000  0.003 -0.082 -0.000 -0.000 -0.039
        6  0.04484  -0.001  0.021 -0.019 -0.005  0.003  1.000 -0.035 -0.000  0.000 -0.004
        7  0.09493  -0.004  0.016 -0.005 -0.022 -0.082 -0.035  1.000 -0.001  0.000 -0.008
        8  0.00611  -0.005  0.000 -0.001  0.000 -0.000 -0.000 -0.001  1.000  0.000  0.002
        9  0.00000   0.000  0.000 -0.000  0.000 -0.000  0.000  0.000  0.000  1.000  0.000
       10  0.47572   0.012 -0.060 -0.191  0.474 -0.039 -0.004 -0.008  0.002  0.000  1.000
 **********
 **   10 **MINOS        5000           3
 **********
 FCN=-10090.4 FROM MINOS     STATUS=SUCCESSFUL    467 CALLS         826 TOTAL
                     EDM=0.00045702    STRATEGY= 2      ERROR MATRIX ACCURATE 
  EXT PARAMETER                  PARABOLIC         MINOS ERRORS        
  NO.   NAME      VALUE            ERROR      NEGATIVE      POSITIVE   
   1  alpha        3.00808e+00   3.00491e+00                            
   2  effBkg       8.20409e-03   2.70302e-03                            
   3  efficiency   9.56283e-02   4.02064e-02  -3.53001e-02   4.66872e-02
   4  fSigAll      6.15193e-02   1.51369e-02                            
   5  lf          -1.89209e+00   2.33129e-01                            
   6  lp          -1.51320e+00   2.42793e+00                            
   7  mean         3.09087e+00   4.86562e-03                            
   8  n            9.90953e+01   5.19625e+01                            
   9  numTot       1.54599e+03   3.93148e+01                            
  10  sigma        2.04834e-02   2.32370e-02                            
                               ERR DEF= 0.5
Fitting bin:  abseta_bin2__pt_bin0__CBPlusExpo
 **********
 **    9 **SET STR           1
 **********
 NOW USING STRATEGY  1: TRY TO BALANCE SPEED AGAINST RELIABILITY
Minuit2Minimizer: Minimize with max-calls 5000 convergence for edm < 1 strategy 1
Minuit2Minimizer : Valid minimum - status = 0
FVAL  = -497607.67448626738
Edm   = 0
Nfcn  = 1
alpha	  = 2.09976	 +/-  0.433597	(limited)
effBkg	  = 0.797198	 +/-  0.068892	(limited)
efficiency	  = 0.797198	 +/-  0.068892	(limited)
fSigAll	  = 0.797198	 +/-  0.068892	(limited)
lf	  = -2	 +/-  0.916515	(limited)
lp	  = -2	 +/-  0.916515	(limited)
mean	  = 3.088	 +/-  0.0198555	(limited)
n	  = 0.100095	 +/-  0.0607998	(limited)
numTot	  = 52158	 +/-  10432.6	(limited)
sigma	  = 0.0580778	 +/-  0.00199498	(limited)
 **********
 **   14 **MIGRAD        5000           1
 **********
 FIRST CALL TO USER FUNCTION AT NEW START POINT, WITH IFLAG=4.
 START MIGRAD MINIMIZATION.  STRATEGY  1.  CONVERGENCE WHEN EDM .LT. 1.00e-03
 FCN=-498016 FROM MIGRAD    STATUS=INITIATE       75 CALLS          76 TOTAL
                     EDM= unknown      STRATEGY= 1      NO ERROR MATRIX       
  EXT PARAMETER               CURRENT GUESS       STEP         FIRST   
  NO.   NAME      VALUE            ERROR          SIZE      DERIVATIVE 
   1  alpha        1.65517e+00   4.33597e-01  -2.15006e-01   1.20990e+02
   2  effBkg       7.97198e-01   6.88920e-02   0.00000e+00   9.52774e+03
   3  efficiency   7.97198e-01   6.88920e-02   0.00000e+00   1.19409e+04
   4  fSigAll      7.97198e-01   6.88920e-02   0.00000e+00   2.34166e+03
   5  lf          -2.00000e+00   9.16515e-01   0.00000e+00  -6.73393e+02
   6  lp          -2.00000e+00   9.16515e-01   0.00000e+00  -4.56300e+02
   7  mean         3.08800e+00   1.98555e-02   0.00000e+00  -7.29079e+02
   8  n            1.00095e-01   6.07998e-02   0.00000e+00   6.31118e+00
   9  numTot       5.21580e+04   1.04326e+04   0.00000e+00  -7.91537e-02
  10  sigma        5.80778e-02   1.99498e-03   0.00000e+00  -3.99293e+01
                               ERR DEF= 0.5
 MIGRAD FAILS TO FIND IMPROVEMENT
 MIGRAD MINIMIZATION HAS CONVERGED.
 MIGRAD WILL VERIFY CONVERGENCE AND ERROR MATRIX.
 COVARIANCE MATRIX CALCULATED SUCCESSFULLY
 FCN=-507827 FROM MIGRAD    STATUS=CONVERGED    1395 CALLS        1396 TOTAL
                     EDM=0.000180487    STRATEGY= 1      ERROR MATRIX ACCURATE 
  EXT PARAMETER                                   STEP         FIRST   
  NO.   NAME      VALUE            ERROR          SIZE      DERIVATIVE 
   1  alpha        1.67392e+00   5.56715e-02   1.10901e-02   2.81658e-01
   2  effBkg       2.36283e-01   5.33525e-03   4.17987e-03   3.48604e-01
   3  efficiency   9.65995e-01   4.01230e-03   7.81586e-03   2.47426e-01
   4  fSigAll      5.41882e-01   4.13921e-03   2.57395e-03   6.39053e-02
   5  lf          -2.13194e+00   6.59751e-02   7.13489e-03   1.23092e-01
   6  lp          -1.32887e+00   1.52166e-01   1.34497e-02  -6.61199e-02
   7  mean         3.08874e+00   3.31911e-04   1.57047e-03   9.56139e-01
   8  n            9.98838e+01   8.25388e+01   5.00000e-01  -9.44131e-04
   9  numTot       5.21581e+04   2.28381e+02   2.15448e-03   8.05214e-02
  10  sigma        4.47470e-02   3.21951e-04   6.73732e-03   1.99067e-03
                               ERR DEF= 0.5
 EXTERNAL ERROR MATRIX.    NDIM=  25    NPAR= 10    ERR DEF=0.5
  3.100e-03  1.206e-04  6.217e-08 -7.591e-05 -3.882e-05  3.499e-03 -2.453e-07  3.246e-02 -3.733e-10 -3.437e-07 
  1.206e-04  2.847e-05 -4.389e-06 -9.878e-06 -9.341e-06  1.748e-04  9.228e-08 -1.382e-02  5.499e-10 -8.006e-07 
  6.217e-08 -4.389e-06  1.610e-05 -8.317e-06  2.848e-05 -1.091e-06 -6.788e-09 -2.721e-05  1.276e-11 -2.987e-08 
 -7.591e-05 -9.878e-06 -8.317e-06  1.713e-05 -1.526e-05 -1.091e-04 -5.296e-08  8.717e-03 -3.552e-10  5.253e-07 
 -3.882e-05 -9.341e-06  2.848e-05 -1.526e-05  4.353e-03 -9.734e-05 -4.284e-07  4.101e-03 -3.347e-11 -7.662e-08 
  3.499e-03  1.748e-04 -1.091e-06 -1.091e-04 -9.734e-05  2.316e-02  1.287e-05 -4.208e-01  7.356e-09 -1.644e-06 
 -2.453e-07  9.228e-08 -6.788e-09 -5.296e-08 -4.284e-07  1.287e-05  1.102e-07 -5.603e-05  3.837e-12 -7.140e-09 
  3.246e-02 -1.382e-02 -2.721e-05  8.717e-03  4.101e-03 -4.208e-01 -5.603e-05  7.600e+02 -1.211e-05  1.128e-04 
 -3.733e-10  5.499e-10  1.276e-11 -3.552e-10 -3.347e-11  7.356e-09  3.837e-12 -1.211e-05  5.216e+04 -4.458e-11 
 -3.437e-07 -8.006e-07 -2.987e-08  5.253e-07 -7.662e-08 -1.644e-06 -7.140e-09  1.128e-04 -4.458e-11  1.037e-07 
 PARAMETER  CORRELATION COEFFICIENTS  
       NO.  GLOBAL      1      2      3      4      5      6      7      8      9     10
        1  0.60016   1.000  0.406  0.000 -0.329 -0.011  0.413 -0.013  0.021 -0.000 -0.019
        2  0.73663   0.406  1.000 -0.205 -0.447 -0.027  0.215  0.052 -0.094  0.000 -0.466
        3  0.69665   0.000 -0.205  1.000 -0.501  0.108 -0.002 -0.005 -0.000  0.000 -0.023
        4  0.77691  -0.329 -0.447 -0.501  1.000 -0.056 -0.173 -0.039  0.076 -0.000  0.394
        5  0.11020  -0.011 -0.027  0.108 -0.056  1.000 -0.010 -0.020  0.002 -0.000 -0.004
        6  0.50065   0.413  0.215 -0.002 -0.173 -0.010  1.000  0.255 -0.100  0.000 -0.034
        7  0.29524  -0.013  0.052 -0.005 -0.039 -0.020  0.255  1.000 -0.006  0.000 -0.067
        8  0.18418   0.021 -0.094 -0.000  0.076  0.002 -0.100 -0.006  1.000 -0.000  0.013
        9  0.00000  -0.000  0.000  0.000 -0.000 -0.000  0.000  0.000 -0.000  1.000 -0.000
       10  0.56341  -0.019 -0.466 -0.023  0.394 -0.004 -0.034 -0.067  0.013 -0.000  1.000
Real time 0:00:00, CP time 0.040
Real time 0:00:00, CP time 0.060, 2 slices
 **********
 **   19 **HESSE        5000
 **********
 COVARIANCE MATRIX CALCULATED SUCCESSFULLY
 FCN=-507827 FROM HESSE     STATUS=OK             92 CALLS        1488 TOTAL
                     EDM=0.000183287    STRATEGY= 1      ERROR MATRIX ACCURATE 
  EXT PARAMETER                                INTERNAL      INTERNAL  
  NO.   NAME      VALUE            ERROR       STEP SIZE       VALUE   
   1  alpha        1.67392e+00   5.63899e-02   4.43602e-04  -4.98671e-01
   2  effBkg       2.36283e-01   5.40807e-03   1.67195e-04  -5.55579e-01
   3  efficiency   9.65995e-01   4.02188e-03   3.12635e-04   1.19986e+00
   4  fSigAll      5.41882e-01   4.17572e-03   1.02958e-04   8.38618e-02
   5  lf          -2.13194e+00   6.59907e-02   2.85395e-04  -4.40496e-01
   6  lp          -1.32887e+00   1.53444e-01   5.37989e-04   3.41060e+00
   7  mean         3.08874e+00   3.32034e-04   3.14095e-04  -1.12814e-01
   8  n            9.98838e+01   8.26259e+01   5.00000e-01   1.50259e+00
   9  numTot       5.21581e+04   2.28381e+02   8.61790e-05  -9.43074e-05
  10  sigma        4.47470e-02   3.23338e-04   2.69493e-04   2.39639e-01
                               ERR DEF= 0.5
 EXTERNAL ERROR MATRIX.    NDIM=  25    NPAR= 10    ERR DEF=0.5
  3.181e-03  1.295e-04 -2.862e-07 -8.106e-05 -4.155e-05  3.704e-03 -7.601e-08  4.489e-02 -2.052e-06 -7.516e-07 
  1.295e-04  2.925e-05 -4.455e-06 -1.031e-05 -9.745e-06  1.939e-04  1.030e-07 -1.350e-02 -6.369e-07 -8.311e-07 
 -2.862e-07 -4.455e-06  1.618e-05 -8.353e-06  2.913e-05 -1.654e-06 -6.908e-09  1.534e-05 -4.995e-07 -2.960e-08 
 -8.106e-05 -1.031e-05 -8.353e-06  1.744e-05 -1.551e-05 -1.205e-04 -5.956e-08  8.464e-03  9.034e-07  5.437e-07 
 -4.155e-05 -9.745e-06  2.913e-05 -1.551e-05  4.355e-03 -1.021e-04 -4.305e-07  3.986e-03 -3.178e-06 -7.227e-08 
  3.704e-03  1.939e-04 -1.654e-06 -1.205e-04 -1.021e-04  2.355e-02  1.313e-05 -4.116e-01 -4.269e-06 -2.397e-06 
 -7.601e-08  1.030e-07 -6.908e-09 -5.956e-08 -4.305e-07  1.313e-05  1.102e-07 -6.014e-05 -6.442e-09 -7.548e-09 
  4.489e-02 -1.350e-02  1.534e-05  8.464e-03  3.986e-03 -4.116e-01 -6.014e-05  7.607e+02  5.113e-04  1.163e-04 
 -2.052e-06 -6.369e-07 -4.995e-07  9.034e-07 -3.178e-06 -4.269e-06 -6.442e-09  5.113e-04  5.216e+04  4.284e-08 
 -7.516e-07 -8.311e-07 -2.960e-08  5.437e-07 -7.227e-08 -2.397e-06 -7.548e-09  1.163e-04  4.284e-08  1.046e-07 
 PARAMETER  CORRELATION COEFFICIENTS  
       NO.  GLOBAL      1      2      3      4      5      6      7      8      9     10
        1  0.61336   1.000  0.424 -0.001 -0.344 -0.011  0.428 -0.004  0.029 -0.000 -0.041
        2  0.74489   0.424  1.000 -0.205 -0.457 -0.027  0.234  0.057 -0.090 -0.000 -0.475
        3  0.69840  -0.001 -0.205  1.000 -0.497  0.110 -0.003 -0.005  0.000 -0.000 -0.023
        4  0.78134  -0.344 -0.457 -0.497  1.000 -0.056 -0.188 -0.043  0.073  0.000  0.403
        5  0.11235  -0.011 -0.027  0.110 -0.056  1.000 -0.010 -0.020  0.002 -0.000 -0.003
        6  0.51297   0.428  0.234 -0.003 -0.188 -0.010  1.000  0.258 -0.097 -0.000 -0.048
        7  0.29638  -0.004  0.057 -0.005 -0.043 -0.020  0.258  1.000 -0.007 -0.000 -0.070
        8  0.18654   0.029 -0.090  0.000  0.073  0.002 -0.097 -0.007  1.000  0.000  0.013
        9  0.00000  -0.000 -0.000 -0.000  0.000 -0.000 -0.000 -0.000  0.000  1.000  0.000
       10  0.56856  -0.041 -0.475 -0.023  0.403 -0.003 -0.048 -0.070  0.013  0.000  1.000
Real time 0:00:00, CP time 0.000
Real time 0:00:00, CP time 0.060, 3 slices
 **********
 **   11 **SET PRINT           1
 **********
 **********
 **   12 **SET NOGRAD
 **********
 PARAMETER DEFINITIONS:
    NO.   NAME         VALUE      STEP SIZE      LIMITS
     1 alpha        1.67392e+00  5.63899e-02    5.00000e-01  5.00000e+00
     2 effBkg       2.36283e-01  5.40807e-03    0.00000e+00  1.00000e+00
     3 efficiency   9.65995e-01  4.02188e-03    0.00000e+00  1.00000e+00
     4 fSigAll      5.41882e-01  4.17572e-03    0.00000e+00  1.00000e+00
     5 lf          -2.13194e+00  6.59907e-02   -5.00000e+00  5.00000e+00
     6 lp          -1.32887e+00  1.53444e-01   -5.00000e+00  5.00000e+00
     7 mean         3.08874e+00  3.32034e-04    3.00000e+00  3.20000e+00
     8 n            9.98838e+01  8.26259e+01    1.00000e-01  1.00000e+02
 MINUIT WARNING IN PARAMETR
 ============== VARIABLE8 BROUGHT BACK INSIDE LIMITS.
     9 numTot       5.21581e+04  2.28381e+02    0.00000e+00  1.04326e+05
    10 sigma        4.47470e-02  3.23338e-04    2.00000e-02  6.00000e-02
 **********
 **   13 **SET ERR         0.5
 **********
 **********
 **   14 **SET PRINT           1
 **********
 **********
 **   15 **SET STR           2
 **********
 NOW USING STRATEGY  2: MAKE SURE MINIMUM TRUE, ERRORS CORRECT  
 **********
 **   16 **MIGRAD        5000           1
 **********
 FIRST CALL TO USER FUNCTION AT NEW START POINT, WITH IFLAG=4.
 START MIGRAD MINIMIZATION.  STRATEGY  2.  CONVERGENCE WHEN EDM .LT. 1.00e-03
 COVARIANCE MATRIX CALCULATED SUCCESSFULLY
 FCN=-507827 FROM HESSE     STATUS=OK            138 CALLS         139 TOTAL
                     EDM=8.91512e-05    STRATEGY= 2      ERROR MATRIX ACCURATE 
  EXT PARAMETER                                   STEP         FIRST   
  NO.   NAME      VALUE            ERROR          SIZE      DERIVATIVE 
   1  alpha        1.67392e+00   5.25277e-02   3.65542e-01   2.82685e-01
   2  effBkg       2.36283e-01   4.75511e-03   1.29863e-01   3.49095e-01
   3  efficiency   9.65995e-01   3.56311e-03   2.26733e-01   2.47645e-01
   4  fSigAll      5.41882e-01   3.69675e-03   8.23664e-02   6.38979e-02
   5  lf          -2.13194e+00   6.57906e-02   1.45918e-03   1.23097e-01
   6  lp          -1.32887e+00   1.61033e-01   4.39366e-01   6.60930e-02
   7  mean         3.08874e+00   3.38054e-04   3.40842e-02   9.55704e-01
   8  n            9.98838e+01   8.47467e+01   5.00000e-01  -9.44131e-04
   9  numTot       5.21581e+04   2.28381e+02   4.37823e-04   8.05169e-02
  10  sigma        4.47470e-02   3.07947e-04   1.69762e-01   2.15090e-03
                               ERR DEF= 0.5
 MIGRAD MINIMIZATION HAS CONVERGED.
 MIGRAD WILL VERIFY CONVERGENCE AND ERROR MATRIX.
 COVARIANCE MATRIX CALCULATED SUCCESSFULLY
 FCN=-507827 FROM MIGRAD    STATUS=CONVERGED     265 CALLS         266 TOTAL
                     EDM=6.33738e-06    STRATEGY= 2      ERROR MATRIX ACCURATE 
  EXT PARAMETER                                   STEP         FIRST   
  NO.   NAME      VALUE            ERROR          SIZE      DERIVATIVE 
   1  alpha        1.67347e+00   5.62301e-02   6.69522e-04   4.53474e-02
   2  effBkg       2.36255e-01   5.38347e-03   4.17806e-03   2.81388e-02
   3  efficiency   9.65979e-01   4.02043e-03   2.19659e-03   6.90136e-03
   4  fSigAll      5.41904e-01   4.16208e-03   7.27866e-04  -1.25071e-01
   5  lf          -2.13207e+00   6.59870e-02   2.91837e-03   3.51161e-03
   6  lp          -1.32821e+00   1.53088e-01   3.95039e-03   6.81657e-02
   7  mean         3.08874e+00   3.32019e-04   1.57657e-03  -7.09200e-02
   8  n            9.99998e+01   8.97753e+01   2.00000e-01   3.72864e-05
   9  numTot       5.21580e+04   2.28381e+02   8.75646e-04   1.41257e-04
  10  sigma        4.47476e-02   3.22909e-04   3.84823e-04  -5.21085e-03
                               ERR DEF= 0.5
 EXTERNAL ERROR MATRIX.    NDIM=  25    NPAR= 10    ERR DEF=0.5
  3.163e-03  1.289e-04 -2.971e-07 -8.085e-05 -4.183e-05 -3.723e-03 -3.691e-08  1.067e-03  4.213e-10 -7.341e-07 
  1.289e-04  2.898e-05 -4.472e-06 -1.014e-05 -9.690e-06 -1.898e-04  1.038e-07 -3.238e-04  9.760e-11 -8.245e-07 
 -2.971e-07 -4.472e-06  1.617e-05 -8.336e-06  2.893e-05  1.657e-06 -6.961e-09  3.228e-07 -2.913e-10 -2.906e-08 
 -8.085e-05 -1.014e-05 -8.336e-06  1.732e-05 -1.540e-05  1.181e-04 -6.005e-08  2.034e-04  1.551e-10  5.397e-07 
 -4.183e-05 -9.690e-06  2.893e-05 -1.540e-05  4.355e-03  1.012e-04 -4.312e-07  9.646e-05 -4.386e-08 -7.141e-08 
 -3.723e-03 -1.898e-04  1.657e-06  1.181e-04  1.012e-04  2.344e-02 -1.317e-05  9.960e-03 -1.019e-09  2.378e-06 
 -3.691e-08  1.038e-07 -6.961e-09 -6.005e-08 -4.312e-07 -1.317e-05  1.102e-07 -1.474e-06  4.343e-12 -7.371e-09 
  1.067e-03 -3.238e-04  3.228e-07  2.034e-04  9.646e-05  9.960e-03 -1.474e-06  1.318e+00 -9.716e-10  2.734e-06 
  4.213e-10  9.760e-11 -2.913e-10  1.551e-10 -4.386e-08 -1.019e-09  4.343e-12 -9.716e-10  5.216e+04  7.192e-13 
 -7.341e-07 -8.245e-07 -2.906e-08  5.397e-07 -7.141e-08  2.378e-06 -7.371e-09  2.734e-06  7.192e-13  1.043e-07 
 PARAMETER  CORRELATION COEFFICIENTS  
       NO.  GLOBAL      1      2      3      4      5      6      7      8      9     10
        1  0.61224   1.000  0.426 -0.001 -0.345 -0.011 -0.432 -0.002  0.017  0.000 -0.040
        2  0.74213   0.426  1.000 -0.207 -0.453 -0.027 -0.230  0.058 -0.052  0.000 -0.474
        3  0.69818  -0.001 -0.207  1.000 -0.498  0.109  0.003 -0.005  0.000 -0.000 -0.022
        4  0.77969  -0.345 -0.453 -0.498  1.000 -0.056  0.185 -0.043  0.043  0.000  0.402
        5  0.11165  -0.011 -0.027  0.109 -0.056  1.000  0.010 -0.020  0.001 -0.000 -0.003
        6  0.50945  -0.432 -0.230  0.003  0.185  0.010  1.000 -0.259  0.057 -0.000  0.048
        7  0.29630  -0.002  0.058 -0.005 -0.043 -0.020 -0.259  1.000 -0.004  0.000 -0.069
        8  0.10906   0.017 -0.052  0.000  0.043  0.001  0.057 -0.004  1.000 -0.000  0.007
        9  0.00000   0.000  0.000 -0.000  0.000 -0.000 -0.000  0.000 -0.000  1.000  0.000
       10  0.56702  -0.040 -0.474 -0.022  0.402 -0.003  0.048 -0.069  0.007  0.000  1.000
 **********
 **   17 **SET ERR         0.5
 **********
 **********
 **   18 **SET PRINT           1
 **********
 **********
 **   19 **HESSE        5000
 **********
 COVARIANCE MATRIX CALCULATED SUCCESSFULLY
 FCN=-507827 FROM HESSE     STATUS=OK             86 CALLS         352 TOTAL
                     EDM=6.29991e-06    STRATEGY= 2      ERROR MATRIX ACCURATE 
  EXT PARAMETER                                INTERNAL      INTERNAL  
  NO.   NAME      VALUE            ERROR       STEP SIZE       VALUE   
   1  alpha        1.67347e+00   5.62784e-02   2.67809e-05  -4.98899e-01
   2  effBkg       2.36255e-01   5.38908e-03   1.67122e-04  -5.55644e-01
   3  efficiency   9.65979e-01   4.02234e-03   1.75727e-05   1.19978e+00
   4  fSigAll      5.41904e-01   4.16616e-03   1.45573e-04   8.39068e-02
   5  lf          -2.13207e+00   6.59941e-02   2.33470e-05  -4.40525e-01
   6  lp          -1.32821e+00   1.52805e-01   7.90078e-04  -2.68869e-01
   7  mean         3.08874e+00   3.32038e-04   6.30628e-05  -1.12826e-01
   8  n            9.99998e+01   9.03925e+01   4.00000e-02   1.57350e+00
   9  numTot       5.21580e+04   2.28387e+02   7.00517e-06  -9.58508e-05
  10  sigma        4.47476e-02   3.23369e-04   1.53929e-05   2.39669e-01
                               ERR DEF= 0.5
 EXTERNAL ERROR MATRIX.    NDIM=  25    NPAR= 10    ERR DEF=0.5
  3.168e-03  1.303e-04 -2.811e-07 -8.159e-05 -4.165e-05 -3.729e-03 -6.037e-08  2.399e-04  9.729e-04 -7.849e-07 
  1.303e-04  2.904e-05 -4.458e-06 -1.018e-05 -9.680e-06 -1.878e-04  1.029e-07 -7.191e-05  2.549e-05 -8.307e-07 
 -2.811e-07 -4.458e-06  1.618e-05 -8.356e-06  2.917e-05  1.647e-06 -6.910e-09  2.193e-07  3.939e-05 -2.957e-08 
 -8.159e-05 -1.018e-05 -8.356e-06  1.736e-05 -1.559e-05  1.167e-04 -5.944e-08  4.499e-05 -4.301e-05  5.435e-07 
 -4.165e-05 -9.680e-06  2.917e-05 -1.559e-05  4.356e-03  1.000e-04 -4.304e-07  2.136e-05 -2.804e-04 -7.375e-08 
 -3.729e-03 -1.878e-04  1.647e-06  1.167e-04  1.000e-04  2.336e-02 -1.312e-05  2.193e-03 -1.140e-03  2.402e-06 
 -6.037e-08  1.029e-07 -6.910e-09 -5.944e-08 -4.304e-07 -1.312e-05  1.102e-07 -3.219e-07 -2.196e-08 -7.596e-09 
  2.399e-04 -7.191e-05  2.193e-07  4.499e-05  2.136e-05  2.193e-03 -3.219e-07  1.327e+00  8.782e-05  6.217e-07 
  9.729e-04  2.549e-05  3.939e-05 -4.301e-05 -2.804e-04 -1.140e-03 -2.196e-08  8.782e-05  5.216e+04 -1.583e-07 
 -7.849e-07 -8.307e-07 -2.957e-08  5.435e-07 -7.375e-08  2.402e-06 -7.596e-09  6.217e-07 -1.583e-07  1.046e-07 
 PARAMETER  CORRELATION COEFFICIENTS  
       NO.  GLOBAL      1      2      3      4      5      6      7      8      9     10
