The iteration is Run2016B_H
The den is looseid
The den is gentrack
Will run scenario  data
The sample is data_all
The binning is vtx
Will use the standard fit functions for the backgroud
debug1
debug1
I filled it
den is gentrack dic genTracks
num is looseid dic LooseID
par is vtx
debug5
Loose_noIP
('NUM_LooseID_DEN_genTracks_PAR_vtx', cms.PSet(

))
den is gentrack
Fitting bin:  abseta_bin0__pt_bin0__tag_nVertices_bin0__CBPlusExpo
 **********
 **    9 **SET STR           1
 **********
 NOW USING STRATEGY  1: TRY TO BALANCE SPEED AGAINST RELIABILITY
Minuit2Minimizer: Minimize with max-calls 5000 convergence for edm < 1 strategy 1
Minuit2Minimizer : Valid minimum - status = 0
FVAL  = -7034.12423813346686
Edm   = 0
Nfcn  = 1
alpha	  = 2.09976	 +/-  0.433597	(limited)
effBkg	  = 0.797198	 +/-  0.068892	(limited)
efficiency	  = 0.797198	 +/-  0.068892	(limited)
fSigAll	  = 0.797198	 +/-  0.068892	(limited)
lf	  = -0.5	 +/-  0.994987	(limited)
lp	  = -2	 +/-  0.916515	(limited)
mean	  = 3.092	 +/-  0.0199359	(limited)
n	  = 0.100095	 +/-  0.0607998	(limited)
numTot	  = 1262	 +/-  253.4	(limited)
sigma	  = 0.0580778	 +/-  0.00199498	(limited)
 **********
 **   14 **MIGRAD        5000           1
 **********
 FIRST CALL TO USER FUNCTION AT NEW START POINT, WITH IFLAG=4.
 START MIGRAD MINIMIZATION.  STRATEGY  1.  CONVERGENCE WHEN EDM .LT. 1.00e-03
 FCN=-7034.12 FROM MIGRAD    STATUS=INITIATE       32 CALLS          33 TOTAL
                     EDM= unknown      STRATEGY= 1      NO ERROR MATRIX       
  EXT PARAMETER               CURRENT GUESS       STEP         FIRST   
  NO.   NAME      VALUE            ERROR          SIZE      DERIVATIVE 
   1  alpha        2.09976e+00   4.33597e-01   2.03082e-01   1.27544e+02
   2  effBkg       7.97198e-01   6.88920e-02   1.73667e-01   4.25173e+02
   3  efficiency   7.97198e-01   6.88920e-02   1.73667e-01   5.17570e+02
   4  fSigAll      7.97198e-01   6.88920e-02   1.73667e-01   1.69100e+02
   5  lf          -5.00000e-01   9.94987e-01   2.01401e-01  -1.89184e+01
   6  lp          -2.00000e+00   9.16515e-01   2.02180e-01   4.05504e-01
   7  mean         3.09200e+00   1.99359e-02   2.01385e-01  -2.30189e+01
   8  n            1.00095e-01   6.07998e-02   2.37152e-02   4.05998e+00
   9  numTot       1.26200e+03   2.53400e+02   2.01360e-01  -1.11590e-03
  10  sigma        5.80778e-02   1.99498e-03   3.17307e-01  -2.51062e+00
                               ERR DEF= 0.5
 MIGRAD MINIMIZATION HAS CONVERGED.
 MIGRAD WILL VERIFY CONVERGENCE AND ERROR MATRIX.
 MINUIT WARNING IN HESSE   
 ============== Negative diagonal element 8 in Error Matrix
 MINUIT WARNING IN HESSE   
 ============== 1.00033 added to diagonal of error matrix
 COVARIANCE MATRIX CALCULATED SUCCESSFULLY
 FCN=-7634.23 FROM MIGRAD    STATUS=CONVERGED    1194 CALLS        1195 TOTAL
                     EDM=0.000114918    STRATEGY= 1      ERROR MATRIX ACCURATE 
  EXT PARAMETER                                   STEP         FIRST   
  NO.   NAME      VALUE            ERROR          SIZE      DERIVATIVE 
   1  alpha        4.10705e+00   1.49251e+00   2.87422e-01  -8.48406e-04
   2  effBkg       1.27251e-01   1.68301e-02   2.73404e-03   1.18762e-01
   3  efficiency   9.99999e-01   2.24336e-02   1.89983e-02   1.61799e-02
   4  fSigAll      4.23506e-01   1.58391e-02   1.80411e-03   9.19287e-03
   5  lf          -9.42071e-01   3.43774e-01   4.23780e-03  -6.08103e-02
   6  lp          -3.88060e+00   9.85604e-01   1.95603e-02  -1.46234e-02
   7  mean         3.09580e+00   1.53477e-03   9.15054e-04  -1.36657e-01
   8  n            1.51548e+01   3.00739e+01   5.00000e-01   7.98086e-06
   9  numTot       1.26200e+03   3.55061e+01   1.69176e-03   1.20888e-03
  10  sigma        3.17338e-02   1.28804e-03   3.96954e-03  -5.52629e-02
                               ERR DEF= 0.5
 EXTERNAL ERROR MATRIX.    NDIM=  25    NPAR= 10    ERR DEF=0.5
  3.106e+00  1.724e-05 -1.415e-10 -1.143e-05  4.135e-10 -5.225e-04  4.969e-07 -4.130e-04  3.207e-09 -9.910e-07 
  1.724e-05  2.835e-04  3.783e-08 -8.642e-05 -1.301e-07  3.270e-03  2.007e-06  7.815e-05 -1.420e-10 -7.363e-06 
 -1.415e-10  3.783e-08  5.866e-08  1.641e-07 -2.016e-07  3.681e-08  1.794e-11  6.471e-11 -2.166e-12 -2.129e-11 
 -1.143e-05 -8.642e-05  1.641e-07  2.510e-04 -5.642e-07 -2.158e-03 -1.328e-06 -5.185e-05 -8.831e-11  4.869e-06 
  4.135e-10 -1.301e-07 -2.016e-07 -5.642e-07  1.184e-01 -1.188e-07 -1.542e-10 -1.006e-09 -3.036e-09  7.546e-11 
 -5.225e-04  3.270e-03  3.681e-08 -2.158e-03 -1.188e-07  1.005e+00 -1.490e-04 -2.591e-03  6.966e-09 -1.521e-04 
  4.969e-07  2.007e-06  1.794e-11 -1.328e-06 -1.542e-10 -1.490e-04  2.356e-06  2.166e-06 -3.011e-12 -1.805e-07 
 -4.130e-04  7.815e-05  6.471e-11 -5.185e-05 -1.006e-09 -2.591e-03  2.166e-06  1.277e+03 -3.831e-08 -4.196e-06 
  3.207e-09 -1.420e-10 -2.166e-12 -8.831e-11 -3.036e-09  6.966e-09 -3.011e-12 -3.831e-08  1.261e+03  1.238e-11 
 -9.910e-07 -7.363e-06 -2.129e-11  4.869e-06  7.546e-11 -1.521e-04 -1.805e-07 -4.196e-06  1.238e-11  1.662e-06 
 PARAMETER  CORRELATION COEFFICIENTS  
       NO.  GLOBAL      1      2      3      4      5      6      7      8      9     10
        1  0.00080   1.000  0.001 -0.000 -0.000  0.000 -0.000  0.000 -0.000  0.000 -0.000
        2  0.44416   0.001  1.000  0.009 -0.324 -0.000  0.194  0.078  0.000 -0.000 -0.339
        3  0.04952  -0.000  0.009  1.000  0.043 -0.002  0.000  0.000  0.000 -0.000 -0.000
        4  0.36188  -0.000 -0.324  0.043  1.000 -0.000 -0.136 -0.055 -0.000 -0.000  0.238
        5  0.00242   0.000 -0.000 -0.002 -0.000  1.000 -0.000 -0.000 -0.000 -0.000  0.000
        6  0.24369  -0.000  0.194  0.000 -0.136 -0.000  1.000 -0.097 -0.000  0.000 -0.118
        7  0.16013   0.000  0.078  0.000 -0.055 -0.000 -0.097  1.000  0.000 -0.000 -0.091
        8  0.00018  -0.000  0.000  0.000 -0.000 -0.000 -0.000  0.000  1.000 -0.000 -0.000
        9  0.00000   0.000 -0.000 -0.000 -0.000 -0.000  0.000 -0.000 -0.000  1.000  0.000
       10  0.37381  -0.000 -0.339 -0.000  0.238  0.000 -0.118 -0.091 -0.000  0.000  1.000
Real time 0:00:00, CP time 0.040
Real time 0:00:01, CP time 0.230, 2 slices
 **********
 **   19 **HESSE        5000
 **********
 MINUIT WARNING IN HESSE   
 ============== Negative diagonal element 8 in Error Matrix
 MINUIT WARNING IN HESSE   
 ============== 1.00033 added to diagonal of error matrix
 COVARIANCE MATRIX CALCULATED SUCCESSFULLY
 FCN=-7634.23 FROM HESSE     STATUS=OK             94 CALLS        1289 TOTAL
                     EDM=0.000114456    STRATEGY= 1      ERROR MATRIX ACCURATE 
  EXT PARAMETER                                INTERNAL      INTERNAL  
  NO.   NAME      VALUE            ERROR       STEP SIZE       VALUE   
   1  alpha        4.10705e+00   1.49518e+00   5.00000e-01   6.47423e-01
   2  effBkg       1.27251e-01   1.68380e-02   5.46808e-04  -8.41282e-01
   3  efficiency   9.99999e-01   2.24728e-02   3.79967e-03   1.57241e+00
   4  fSigAll      4.23506e-01   1.58303e-02   3.60822e-04  -1.53592e-01
   5  lf          -9.42071e-01   3.43772e-01   8.47559e-04  -1.89547e-01
   6  lp          -3.88060e+00   9.85443e-01   7.82414e-04  -8.88489e-01
   7  mean         3.09580e+00   1.53475e-03   1.83011e-04  -4.20085e-02
   8  n            1.51548e+01   3.00739e+01   5.00000e-01  -7.73442e-01
   9  numTot       1.26200e+03   3.55061e+01   6.76704e-05  -3.94539e-03
  10  sigma        3.17338e-02   1.28901e-03   7.93908e-04  -4.26088e-01
                               ERR DEF= 0.5
 EXTERNAL ERROR MATRIX.    NDIM=  25    NPAR= 10    ERR DEF=0.5
  3.123e+00  1.050e-05 -1.205e-11 -6.946e-06 -8.276e-11 -3.316e-04  2.836e-07 -3.476e-04  4.705e-08 -5.311e-07 
  1.050e-05  2.838e-04  1.195e-08 -8.674e-05 -1.322e-08  3.267e-03  2.027e-06  7.820e-05  6.746e-09 -7.404e-06 
 -1.205e-11  1.195e-08  5.876e-08  5.189e-08 -6.475e-08  1.131e-08  5.958e-12  4.901e-11 -5.137e-10 -7.865e-12 
 -6.946e-06 -8.674e-05  5.189e-08  2.507e-04 -5.739e-08 -2.159e-03 -1.340e-06 -5.172e-05 -4.981e-09  4.893e-06 
 -8.276e-11 -1.322e-08 -6.475e-08 -5.739e-08  1.184e-01 -4.397e-09 -1.052e-10 -1.005e-10  5.660e-10  9.937e-12 
 -3.316e-04  3.267e-03  1.131e-08 -2.159e-03 -4.397e-09  1.004e+00 -1.463e-04 -2.533e-03  1.413e-07 -1.528e-04 
  2.836e-07  2.027e-06  5.958e-12 -1.340e-06 -1.052e-10 -1.463e-04  2.356e-06  2.159e-06  1.706e-10 -1.844e-07 
 -3.476e-04  7.820e-05  4.901e-11 -5.172e-05 -1.005e-10 -2.533e-03  2.159e-06  1.277e+03  3.768e-09 -4.079e-06 
  4.705e-08  6.746e-09 -5.137e-10 -4.981e-09  5.660e-10  1.413e-07  1.706e-10  3.768e-09  1.261e+03 -1.540e-09 
 -5.311e-07 -7.404e-06 -7.865e-12  4.893e-06  9.937e-12 -1.528e-04 -1.844e-07 -4.079e-06 -1.540e-09  1.664e-06 
 PARAMETER  CORRELATION COEFFICIENTS  
       NO.  GLOBAL      1      2      3      4      5      6      7      8      9     10
        1  0.00048   1.000  0.000 -0.000 -0.000 -0.000 -0.000  0.000 -0.000  0.000 -0.000
        2  0.44501   0.000  1.000  0.003 -0.325 -0.000  0.194  0.078  0.000  0.000 -0.341
        3  0.01566  -0.000  0.003  1.000  0.014 -0.001  0.000  0.000  0.000 -0.000 -0.000
        4  0.36054  -0.000 -0.325  0.014  1.000 -0.000 -0.136 -0.055 -0.000 -0.000  0.240
        5  0.00078  -0.000 -0.000 -0.001 -0.000  1.000 -0.000 -0.000 -0.000  0.000  0.000
        6  0.24288  -0.000  0.194  0.000 -0.136 -0.000  1.000 -0.095 -0.000  0.000 -0.118
        7  0.16007   0.000  0.078  0.000 -0.055 -0.000 -0.095  1.000  0.000  0.000 -0.093
        8  0.00018  -0.000  0.000  0.000 -0.000 -0.000 -0.000  0.000  1.000  0.000 -0.000
        9  0.00000   0.000  0.000 -0.000 -0.000  0.000  0.000  0.000  0.000  1.000 -0.000
       10  0.37556  -0.000 -0.341 -0.000  0.240  0.000 -0.118 -0.093 -0.000 -0.000  1.000
Real time 0:00:00, CP time 0.000
Real time 0:00:01, CP time 0.230, 3 slices
 **********
 **    1 **SET PRINT           1
 **********
 **********
 **    2 **SET NOGRAD
 **********
 PARAMETER DEFINITIONS:
    NO.   NAME         VALUE      STEP SIZE      LIMITS
     1 alpha        4.10705e+00  1.49518e+00    5.00000e-01  5.00000e+00
 MINUIT WARNING IN PARAMETR
 ============== VARIABLE1 BROUGHT BACK INSIDE LIMITS.
     2 effBkg       1.27251e-01  1.68380e-02    0.00000e+00  1.00000e+00
     3 efficiency   9.99999e-01  2.24728e-02    0.00000e+00  1.00000e+00
 MINUIT WARNING IN PARAMETR
 ============== VARIABLE3 BROUGHT BACK INSIDE LIMITS.
     4 fSigAll      4.23506e-01  1.58303e-02    0.00000e+00  1.00000e+00
     5 lf          -9.42071e-01  3.43772e-01   -5.00000e+00  5.00000e+00
     6 lp          -3.88060e+00  9.85443e-01   -5.00000e+00  5.00000e+00
     7 mean         3.09580e+00  1.53475e-03    3.00000e+00  3.20000e+00
     8 n            1.51548e+01  3.00739e+01    1.00000e-01  1.00000e+02
 MINUIT WARNING IN PARAMETR
 ============== VARIABLE8 BROUGHT BACK INSIDE LIMITS.
     9 numTot       1.26200e+03  3.55061e+01    0.00000e+00  2.53400e+03
    10 sigma        3.17338e-02  1.28901e-03    2.00000e-02  6.00000e-02
 **********
 **    3 **SET ERR         0.5
 **********
 **********
 **    4 **SET PRINT           1
 **********
 **********
 **    5 **SET STR           2
 **********
 NOW USING STRATEGY  2: MAKE SURE MINIMUM TRUE, ERRORS CORRECT  
 **********
 **    6 **MIGRAD        5000           1
 **********
 FIRST CALL TO USER FUNCTION AT NEW START POINT, WITH IFLAG=4.
 START MIGRAD MINIMIZATION.  STRATEGY  2.  CONVERGENCE WHEN EDM .LT. 1.00e-03
 MINUIT WARNING IN HESSE   
 ============== Negative diagonal element 8 in Error Matrix
 MINUIT WARNING IN HESSE   
 ============== 1.00033 added to diagonal of error matrix
 COVARIANCE MATRIX CALCULATED SUCCESSFULLY
 FCN=-7634.23 FROM HESSE     STATUS=OK            138 CALLS         139 TOTAL
                     EDM=4.8393e-05    STRATEGY= 2      ERROR MATRIX ACCURATE 
  EXT PARAMETER                                   STEP         FIRST   
  NO.   NAME      VALUE            ERROR          SIZE      DERIVATIVE 
   1  alpha        4.10705e+00   1.49518e+00   5.00000e-01  -7.96265e-04
   2  effBkg       1.27251e-01   1.65089e-02   8.74891e-02   1.18765e-01
   3  efficiency   9.99999e-01   1.26386e-02   3.53607e-01  -1.61752e-02
   4  fSigAll      4.23506e-01   1.73648e-02   5.77331e-02   9.19222e-03
   5  lf          -9.42071e-01   3.44890e-01   1.35616e-01  -6.08181e-02
   6  lp          -3.88060e+00   9.59099e-01   5.00000e-01  -1.46255e-02
   7  mean         3.09580e+00   1.53743e-03   2.92809e-02  -1.36657e-01
   8  n            1.51548e+01   3.00739e+01   5.00000e-01   7.94182e-06
   9  numTot       1.26200e+03   3.54974e+01   5.41363e-02   1.20985e-03
  10  sigma        3.17338e-02   1.26077e-03   1.27037e-01  -5.52535e-02
                               ERR DEF= 0.5
 MIGRAD MINIMIZATION HAS CONVERGED.
 MIGRAD WILL VERIFY CONVERGENCE AND ERROR MATRIX.
 MINUIT WARNING IN HESSE   
 ============== Negative diagonal element 8 in Error Matrix
 MINUIT WARNING IN HESSE   
 ============== 1.00009 added to diagonal of error matrix
 COVARIANCE MATRIX CALCULATED SUCCESSFULLY
 FCN=-7634.23 FROM MIGRAD    STATUS=CONVERGED     268 CALLS         269 TOTAL
                     EDM=1.08454e-05    STRATEGY= 2      ERROR MATRIX ACCURATE 
  EXT PARAMETER                                   STEP         FIRST   
  NO.   NAME      VALUE            ERROR          SIZE      DERIVATIVE 
   1  alpha        4.10858e+00   1.49127e+00   2.93619e-01  -8.56775e-04
   2  effBkg       1.27148e-01   1.68218e-02   2.73073e-03   1.07288e-02
   3  efficiency   1.00000e+00   2.24134e-02   1.90239e-02** at limit **
   4  fSigAll      4.23558e-01   1.58315e-02   1.80380e-03   5.30525e-02
   5  lf          -9.40444e-01   3.43759e-01   4.25155e-03   6.32130e-03
   6  lp          -3.87724e+00   9.84834e-01   1.95147e-02   1.11221e-03
   7  mean         3.09580e+00   1.53490e-03   9.15324e-04   2.74157e-02
   8  n            1.51544e+01   3.00736e+01   4.00000e-02   1.18073e-05
   9  numTot       1.26200e+03   3.55060e+01   4.78385e-04  -1.31466e-04
  10  sigma        3.17408e-02   1.28821e-03   3.98605e-03   2.98512e-03
                               ERR DEF= 0.5
 EXTERNAL ERROR MATRIX.    NDIM=  25    NPAR= 10    ERR DEF=0.5
  3.100e+00  1.702e-05 -5.713e-11 -1.129e-05  2.369e-10 -5.091e-04  5.002e-07  7.418e-04  4.082e-11 -1.004e-06 
  1.702e-05  2.832e-04  1.640e-08 -8.636e-05 -7.772e-08  3.257e-03  2.007e-06  1.498e-04  9.150e-11 -7.357e-06 
 -5.713e-11  1.640e-08  1.842e-08  7.124e-08 -8.727e-08  1.585e-08  7.429e-12  1.395e-10 -8.159e-15 -9.081e-12 
 -1.129e-05 -8.636e-05  7.124e-08  2.507e-04 -3.376e-07 -2.149e-03 -1.328e-06 -9.935e-05 -6.066e-11  4.865e-06 
  2.369e-10 -7.772e-08 -8.727e-08 -3.376e-07  1.184e-01 -7.268e-08 -6.446e-11 -6.885e-10  1.073e-08  4.370e-11 
 -5.091e-04  3.257e-03  1.585e-08 -2.149e-03 -7.268e-08  1.003e+00 -1.488e-04 -4.992e-03 -2.686e-08 -1.514e-04 
  5.002e-07  2.007e-06  7.429e-12 -1.328e-06 -6.446e-11 -1.488e-04  2.356e-06  4.183e-06  9.263e-12 -1.803e-07 
  7.418e-04  1.498e-04  1.395e-10 -9.935e-05 -6.885e-10 -4.992e-03  4.183e-06  1.277e+03 -1.690e-06 -8.106e-06 
  4.082e-11  9.150e-11 -8.159e-15 -6.066e-11  1.073e-08 -2.686e-08  9.263e-12 -1.690e-06  1.261e+03 -3.866e-11 
 -1.004e-06 -7.357e-06 -9.081e-12  4.865e-06  4.370e-11 -1.514e-04 -1.803e-07 -8.106e-06 -3.866e-11  1.662e-06 
 PARAMETER  CORRELATION COEFFICIENTS  
       NO.  GLOBAL      1      2      3      4      5      6      7      8      9     10
        1  0.00080   1.000  0.001 -0.000 -0.000  0.000 -0.000  0.000  0.000  0.000 -0.000
        2  0.44388   0.001  1.000  0.007 -0.324 -0.000  0.193  0.078  0.000  0.000 -0.339
        3  0.03837  -0.000  0.007  1.000  0.033 -0.002  0.000  0.000  0.000 -0.000 -0.000
        4  0.36076  -0.000 -0.324  0.033  1.000 -0.000 -0.136 -0.055 -0.000 -0.000  0.238
        5  0.00187   0.000 -0.000 -0.002 -0.000  1.000 -0.000 -0.000 -0.000  0.000  0.000
        6  0.24313  -0.000  0.193  0.000 -0.136 -0.000  1.000 -0.097 -0.000 -0.000 -0.117
        7  0.15999   0.000  0.078  0.000 -0.055 -0.000 -0.097  1.000  0.000  0.000 -0.091
        8  0.00035   0.000  0.000  0.000 -0.000 -0.000 -0.000  0.000  1.000 -0.000 -0.000
        9  0.00000   0.000  0.000 -0.000 -0.000  0.000 -0.000  0.000 -0.000  1.000 -0.000
       10  0.37358  -0.000 -0.339 -0.000  0.238  0.000 -0.117 -0.091 -0.000 -0.000  1.000
 **********
 **    7 **SET ERR         0.5
 **********
 **********
 **    8 **SET PRINT           1
 **********
 **********
 **    9 **HESSE        5000
 **********
 MINUIT WARNING IN HESSE   
 ============== Negative diagonal element 8 in Error Matrix
 MINUIT WARNING IN HESSE   
 ============== 1.00009 added to diagonal of error matrix
 COVARIANCE MATRIX CALCULATED SUCCESSFULLY
 FCN=-7634.23 FROM HESSE     STATUS=OK             94 CALLS         363 TOTAL
                     EDM=1.10282e-05    STRATEGY= 2      ERROR MATRIX ACCURATE 
  EXT PARAMETER                                INTERNAL      INTERNAL  
  NO.   NAME      VALUE            ERROR       STEP SIZE       VALUE   
   1  alpha        4.10858e+00   1.49437e+00   5.00000e-01   6.48277e-01
   2  effBkg       1.27148e-01   1.68311e-02   5.46147e-04  -8.41591e-01
   3  efficiency   1.00000e+00   2.24697e-02   3.80478e-03   1.56989e+00
                                 WARNING -   - ABOVE PARAMETER IS AT LIMIT.
   4  fSigAll      4.23558e-01   1.58277e-02   3.60760e-04  -1.53486e-01
   5  lf          -9.40444e-01   3.43757e-01   1.70062e-04  -1.89216e-01
   6  lp          -3.87724e+00   9.84680e-01   1.56118e-04  -8.87424e-01
   7  mean         3.09580e+00   1.53489e-03   1.83065e-04  -4.19913e-02
   8  n            1.51544e+01   3.00736e+01   8.00000e-03  -7.73453e-01
   9  numTot       1.26200e+03   3.55061e+01   1.91354e-05  -3.94644e-03
  10  sigma        3.17408e-02   1.28930e-03   1.59442e-04  -4.25699e-01
                               ERR DEF= 0.5
 EXTERNAL ERROR MATRIX.    NDIM=  25    NPAR= 10    ERR DEF=0.5
  3.120e+00  1.050e-05 -1.891e-12 -6.946e-06 -6.720e-10 -3.290e-04  2.884e-07  4.487e-04 -2.492e-07 -5.394e-07 
  1.050e-05  2.835e-04  1.905e-09 -8.668e-05 -2.029e-09  3.255e-03  2.028e-06  1.590e-04 -3.891e-07 -7.403e-06 
 -1.891e-12  1.905e-09  1.847e-08  8.279e-09 -1.034e-08  1.780e-09  9.133e-13  1.599e-11 -1.016e-09 -1.247e-12 
 -6.946e-06 -8.668e-05  8.279e-09  2.506e-04 -4.277e-09 -2.151e-03 -1.340e-06 -1.051e-04  2.565e-07  4.893e-06 
 -6.720e-10 -2.029e-09 -1.034e-08 -4.277e-09  1.184e-01 -5.058e-07  4.437e-11  3.499e-09 -1.341e-05 -7.060e-11 
 -3.290e-04  3.255e-03  1.780e-09 -2.151e-03 -5.058e-07  1.003e+00 -1.460e-04 -5.188e-03 -1.871e-04 -1.523e-04 
  2.884e-07  2.028e-06  9.133e-13 -1.340e-06  4.437e-11 -1.460e-04  2.356e-06  4.417e-06  2.795e-08 -1.844e-07 
  4.487e-04  1.590e-04  1.599e-11 -1.051e-04  3.499e-09 -5.188e-03  4.417e-06  1.277e+03  1.255e-06 -8.293e-06 
 -2.492e-07 -3.891e-07 -1.016e-09  2.565e-07 -1.341e-05 -1.871e-04  2.795e-08  1.255e-06  1.261e+03 -2.452e-08 
 -5.394e-07 -7.403e-06 -1.247e-12  4.893e-06 -7.060e-11 -1.523e-04 -1.844e-07 -8.293e-06 -2.452e-08  1.665e-06 
 PARAMETER  CORRELATION COEFFICIENTS  
       NO.  GLOBAL      1      2      3      4      5      6      7      8      9     10
        1  0.00048   1.000  0.000 -0.000 -0.000 -0.000 -0.000  0.000  0.000 -0.000 -0.000
        2  0.44488   0.000  1.000  0.001 -0.325 -0.000  0.193  0.078  0.000 -0.000 -0.341
        3  0.00446  -0.000  0.001  1.000  0.004 -0.000  0.000  0.000  0.000 -0.000 -0.000
        4  0.36019  -0.000 -0.325  0.004  1.000 -0.000 -0.136 -0.055 -0.000  0.000  0.240
        5  0.00022  -0.000 -0.000 -0.000 -0.000  1.000 -0.000  0.000  0.000 -0.000 -0.000
        6  0.24234  -0.000  0.193  0.000 -0.136 -0.000  1.000 -0.095 -0.000 -0.000 -0.118
        7  0.15994   0.000  0.078  0.000 -0.055  0.000 -0.095  1.000  0.000  0.000 -0.093
        8  0.00037   0.000  0.000  0.000 -0.000  0.000 -0.000  0.000  1.000  0.000 -0.000
        9  0.00001  -0.000 -0.000 -0.000  0.000 -0.000 -0.000  0.000  0.000  1.000 -0.000
       10  0.37553  -0.000 -0.341 -0.000  0.240 -0.000 -0.118 -0.093 -0.000 -0.000  1.000
 **********
 **   10 **MINOS        5000           3
 **********
 MINUIT WARNING IN MIGRAD  
 ============== Negative diagonal element 1 in Error Matrix
 MINUIT WARNING IN MIGRAD  
 ============== 67.9447 added to diagonal of error matrix
    THE POSITIVE MINOS ERROR OF PARAMETER   3, efficiency EXCEEDS ITS LIMIT.
 FCN=-7634.23 FROM MINOS     STATUS=PROBLEMS      466 CALLS         829 TOTAL
                     EDM=1.10282e-05    STRATEGY= 2      ERROR MATRIX ACCURATE 
  EXT PARAMETER                  PARABOLIC         MINOS ERRORS        
  NO.   NAME      VALUE            ERROR      NEGATIVE      POSITIVE   
   1  alpha        4.10858e+00   1.49437e+00                            
   2  effBkg       1.27148e-01   1.68311e-02                            
   3  efficiency   1.00000e+00   2.24697e-02  -1.67027e-02   at limit   
                                 WARNING -   - ABOVE PARAMETER IS AT LIMIT.
   4  fSigAll      4.23558e-01   1.58277e-02                            
   5  lf          -9.40444e-01   3.43757e-01                            
   6  lp          -3.87724e+00   9.84680e-01                            
   7  mean         3.09580e+00   1.53489e-03                            
   8  n            1.51544e+01   3.00736e+01                            
   9  numTot       1.26200e+03   3.55061e+01                            
  10  sigma        3.17408e-02   1.28930e-03                            
                               ERR DEF= 0.5
Fitting bin:  abseta_bin0__pt_bin0__tag_nVertices_bin1__CBPlusExpo
 **********
 **    9 **SET STR           1
 **********
 NOW USING STRATEGY  1: TRY TO BALANCE SPEED AGAINST RELIABILITY
Minuit2Minimizer: Minimize with max-calls 5000 convergence for edm < 1 strategy 1
Minuit2Minimizer : Valid minimum - status = 0
FVAL  = -66410.3229893423268
Edm   = 0
Nfcn  = 1
alpha	  = 2.09976	 +/-  0.433597	(limited)
effBkg	  = 0.797198	 +/-  0.068892	(limited)
efficiency	  = 0.797198	 +/-  0.068892	(limited)
fSigAll	  = 0.797198	 +/-  0.068892	(limited)
lf	  = -2	 +/-  0.916515	(limited)
lp	  = -1.8	 +/-  0.932952	(limited)
mean	  = 3.092	 +/-  0.0199359	(limited)
n	  = 0.100095	 +/-  0.0607998	(limited)
numTot	  = 8815	 +/-  1764	(limited)
sigma	  = 0.0568661	 +/-  0.00250644	(limited)
 **********
 **   14 **MIGRAD        5000           1
 **********
 FIRST CALL TO USER FUNCTION AT NEW START POINT, WITH IFLAG=4.
 START MIGRAD MINIMIZATION.  STRATEGY  1.  CONVERGENCE WHEN EDM .LT. 1.00e-03
 FCN=-66410.3 FROM MIGRAD    STATUS=INITIATE       42 CALLS          43 TOTAL
                     EDM= unknown      STRATEGY= 1      NO ERROR MATRIX       
  EXT PARAMETER               CURRENT GUESS       STEP         FIRST   
  NO.   NAME      VALUE            ERROR          SIZE      DERIVATIVE 
   1  alpha        2.09976e+00   4.33597e-01   2.03082e-01   7.39664e+02
   2  effBkg       7.97198e-01   6.88920e-02   1.73667e-01   3.01272e+03
   3  efficiency   7.97198e-01   6.88920e-02   1.73667e-01   3.71047e+03
   4  fSigAll      7.97198e-01   6.88920e-02   1.73667e-01   1.14141e+03
   5  lf          -2.00000e+00   9.16515e-01   2.02180e-01  -1.03067e+02
   6  lp          -1.80000e+00   9.32952e-01   2.01998e-01  -2.44127e+01
   7  mean         3.09200e+00   1.99359e-02   2.01385e-01  -1.12256e+02
   8  n            1.00095e-01   6.07998e-02   2.37152e-02   2.99238e+01
   9  numTot       8.81500e+03   1.76400e+03   2.01358e-01  -1.05527e-02
  10  sigma        5.68661e-02   2.50644e-03   2.59373e-01   4.18832e-01
                               ERR DEF= 0.5
 MIGRAD MINIMIZATION HAS CONVERGED.
 MIGRAD WILL VERIFY CONVERGENCE AND ERROR MATRIX.
 COVARIANCE MATRIX CALCULATED SUCCESSFULLY
 FCN=-70739.3 FROM MIGRAD    STATUS=CONVERGED    1181 CALLS        1182 TOTAL
                     EDM=0.000269248    STRATEGY= 1      ERROR MATRIX ACCURATE 
  EXT PARAMETER                                   STEP         FIRST   
  NO.   NAME      VALUE            ERROR          SIZE      DERIVATIVE 
   1  alpha        1.68511e+00   8.86783e-02   5.74024e-03   3.11823e-03
   2  effBkg       1.01611e-01   9.56598e-03   3.44167e-03   3.19268e-02
   3  efficiency   9.92060e-01   1.03514e-02   1.69512e-02   5.41190e-02
   4  fSigAll      4.36745e-01   8.70925e-03   2.08948e-03  -3.75035e-01
   5  lf          -1.44835e+00   1.30911e-01   5.01953e-03  -1.20242e-02
   6  lp          -1.10506e+00   6.24933e-01   1.59810e-02  -1.99143e-03
   7  mean         3.09255e+00   5.33969e-04   9.66348e-04  -2.18531e-01
   8  n            3.65157e+00   1.93431e+00   8.64760e-03   8.33861e-02
   9  numTot       8.81501e+03   9.38865e+01   1.95506e-03   1.12161e-02
  10  sigma        2.89128e-02   4.75155e-04   4.81622e-03  -2.01088e-03
                               ERR DEF= 0.5
 EXTERNAL ERROR MATRIX.    NDIM=  25    NPAR= 10    ERR DEF=0.5
  7.869e-03 -4.725e-05 -1.444e-06  3.077e-05 -1.458e-07 -4.858e-03 -1.061e-06 -8.887e-02 -4.525e-09  6.448e-07 
 -4.725e-05  9.154e-05 -8.179e-06 -4.247e-05 -7.510e-06  3.497e-03 -3.243e-07  1.220e-02  7.277e-10 -1.007e-06 
 -1.444e-06 -8.179e-06  1.076e-04 -4.458e-05  5.971e-05 -2.929e-05 -1.175e-08 -9.431e-05 -7.027e-10 -9.652e-08 
  3.077e-05 -4.247e-05 -4.458e-05  7.586e-05 -2.342e-05 -2.204e-03  2.112e-07 -7.689e-03 -4.239e-10  6.829e-07 
 -1.458e-07 -7.510e-06  5.971e-05 -2.342e-05  1.714e-02 -2.219e-04 -1.285e-07 -7.589e-04 -5.728e-09 -5.880e-08 
 -4.858e-03  3.497e-03 -2.929e-05 -2.204e-03 -2.219e-04  3.927e-01  4.579e-06  8.046e-01  6.616e-08 -1.138e-06 
 -1.061e-06 -3.243e-07 -1.175e-08  2.112e-07 -1.285e-07  4.579e-06  2.851e-07 -8.907e-05 -1.385e-12 -1.466e-08 
 -8.887e-02  1.220e-02 -9.431e-05 -7.689e-03 -7.589e-04  8.046e-01 -8.907e-05  3.755e+00  2.185e-07  2.246e-05 
 -4.525e-09  7.277e-10 -7.027e-10 -4.239e-10 -5.728e-09  6.616e-08 -1.385e-12  2.185e-07  8.815e+03 -1.674e-11 
  6.448e-07 -1.007e-06 -9.652e-08  6.829e-07 -5.880e-08 -1.138e-06 -1.466e-08  2.246e-05 -1.674e-11  2.258e-07 
 PARAMETER  CORRELATION COEFFICIENTS  
       NO.  GLOBAL      1      2      3      4      5      6      7      8      9     10
        1  0.71450   1.000 -0.056 -0.002  0.040 -0.000 -0.087 -0.022 -0.517 -0.000  0.015
        2  0.80627  -0.056  1.000 -0.082 -0.510 -0.006  0.583 -0.063  0.658  0.000 -0.221
        3  0.63196  -0.002 -0.082  1.000 -0.493  0.044 -0.005 -0.002 -0.005 -0.000 -0.020
        4  0.76164   0.040 -0.510 -0.493  1.000 -0.021 -0.404  0.045 -0.456 -0.000  0.165
        5  0.04413  -0.000 -0.006  0.044 -0.021  1.000 -0.003 -0.002 -0.003 -0.000 -0.001
        6  0.73626  -0.087  0.583 -0.005 -0.404 -0.003  1.000  0.014  0.663  0.000 -0.004
        7  0.18576  -0.022 -0.063 -0.002  0.045 -0.002  0.014  1.000 -0.086 -0.000 -0.058
        8  0.89008  -0.517  0.658 -0.005 -0.456 -0.003  0.663 -0.086  1.000  0.000  0.024
        9  0.00000  -0.000  0.000 -0.000 -0.000 -0.000  0.000 -0.000  0.000  1.000 -0.000
       10  0.39579   0.015 -0.221 -0.020  0.165 -0.001 -0.004 -0.058  0.024 -0.000  1.000
Real time 0:00:00, CP time 0.050
Real time 0:00:00, CP time 0.070, 2 slices
 **********
 **   19 **HESSE        5000
 **********
 COVARIANCE MATRIX CALCULATED SUCCESSFULLY
 FCN=-70739.3 FROM HESSE     STATUS=OK             86 CALLS        1268 TOTAL
                     EDM=0.000361595    STRATEGY= 1      ERROR MATRIX ACCURATE 
  EXT PARAMETER                                INTERNAL      INTERNAL  
  NO.   NAME      VALUE            ERROR       STEP SIZE       VALUE   
   1  alpha        1.68511e+00   1.00934e-01   2.29610e-04  -4.93017e-01
   2  effBkg       1.01611e-01   1.06826e-02   6.88335e-04  -9.21943e-01
   3  efficiency   9.92060e-01   1.06677e-02   6.78047e-04   1.39235e+00
   4  fSigAll      4.36745e-01   9.34799e-03   4.17896e-04  -1.26850e-01
   5  lf          -1.44835e+00   1.30936e-01   2.00781e-04  -2.93883e-01
   6  lp          -1.10506e+00   7.01223e-01   6.39239e-04   3.36445e+00
   7  mean         3.09255e+00   5.34709e-04   1.93270e-04  -7.45808e-02
   8  n            3.65157e+00   2.42017e+00   3.45904e-04  -1.19142e+00
   9  numTot       8.81501e+03   9.38866e+01   7.82024e-05  -5.65620e-04
  10  sigma        2.89128e-02   4.75490e-04   1.92649e-04  -5.87594e-01
                               ERR DEF= 0.5
 EXTERNAL ERROR MATRIX.    NDIM=  25    NPAR= 10    ERR DEF=0.5
  1.020e-02 -2.735e-04  7.373e-07  1.727e-04  1.398e-05 -2.009e-02  4.661e-07 -1.608e-01 -1.858e-06  2.037e-07 
 -2.735e-04  1.142e-04 -9.385e-06 -5.600e-05 -9.760e-06  5.026e-03 -4.535e-07  1.906e-02  7.899e-07 -1.015e-06 
  7.373e-07 -9.385e-06  1.144e-04 -4.909e-05  6.725e-05 -5.448e-05 -1.025e-08 -1.959e-04  2.229e-08 -1.106e-07 
  1.727e-04 -5.600e-05 -4.909e-05  8.740e-05 -2.678e-05 -3.154e-03  2.920e-07 -1.197e-02 -5.358e-07  6.963e-07 
  1.398e-05 -9.760e-06  6.725e-05 -2.678e-05  1.715e-02 -3.234e-04 -1.205e-07 -1.210e-03 -3.345e-06 -7.005e-08 
 -2.009e-02  5.026e-03 -5.448e-05 -3.154e-03 -3.234e-04  4.951e-01 -4.305e-06  1.268e+00  6.105e-05 -1.809e-06 
  4.661e-07 -4.535e-07 -1.025e-08  2.920e-07 -1.205e-07 -4.305e-06  2.859e-07 -1.307e-04 -1.346e-09 -1.507e-08 
 -1.608e-01  1.906e-02 -1.959e-04 -1.197e-02 -1.210e-03  1.268e+00 -1.307e-04  5.891e+00  1.909e-04  2.562e-05 
 -1.858e-06  7.899e-07  2.229e-08 -5.358e-07 -3.345e-06  6.105e-05 -1.346e-09  1.909e-04  8.815e+03 -3.662e-11 
  2.037e-07 -1.015e-06 -1.106e-07  6.963e-07 -7.005e-08 -1.809e-06 -1.507e-08  2.562e-05 -3.662e-11  2.262e-07 
 PARAMETER  CORRELATION COEFFICIENTS  
       NO.  GLOBAL      1      2      3      4      5      6      7      8      9     10
        1  0.78883   1.000 -0.253  0.001  0.183  0.001 -0.283  0.009 -0.656 -0.000  0.004
        2  0.84819  -0.253  1.000 -0.082 -0.561 -0.007  0.669 -0.079  0.735  0.000 -0.200
        3  0.65851   0.001 -0.082  1.000 -0.491  0.048 -0.007 -0.002 -0.008  0.000 -0.022
        4  0.79720   0.183 -0.561 -0.491  1.000 -0.022 -0.479  0.058 -0.527 -0.000  0.157
        5  0.04823   0.001 -0.007  0.048 -0.022  1.000 -0.004 -0.002 -0.004 -0.000 -0.001
        6  0.79804  -0.283  0.669 -0.007 -0.479 -0.004  1.000 -0.011  0.743  0.000 -0.005
        7  0.19281   0.009 -0.079 -0.002  0.058 -0.002 -0.011  1.000 -0.101 -0.000 -0.059
        8  0.93124  -0.656  0.735 -0.008 -0.527 -0.004  0.743 -0.101  1.000  0.000  0.022
        9  0.00000  -0.000  0.000  0.000 -0.000 -0.000  0.000 -0.000  0.000  1.000 -0.000
       10  0.39731   0.004 -0.200 -0.022  0.157 -0.001 -0.005 -0.059  0.022 -0.000  1.000
Real time 0:00:00, CP time 0.000
Real time 0:00:00, CP time 0.070, 3 slices
 **********
 **   11 **SET PRINT           1
 **********
 **********
 **   12 **SET NOGRAD
 **********
 PARAMETER DEFINITIONS:
    NO.   NAME         VALUE      STEP SIZE      LIMITS
     1 alpha        1.68511e+00  1.00934e-01    5.00000e-01  5.00000e+00
     2 effBkg       1.01611e-01  1.06826e-02    0.00000e+00  1.00000e+00
     3 efficiency   9.92060e-01  1.06677e-02    0.00000e+00  1.00000e+00
 MINUIT WARNING IN PARAMETR
 ============== VARIABLE3 BROUGHT BACK INSIDE LIMITS.
     4 fSigAll      4.36745e-01  9.34799e-03    0.00000e+00  1.00000e+00
     5 lf          -1.44835e+00  1.30936e-01   -5.00000e+00  5.00000e+00
     6 lp          -1.10506e+00  7.01223e-01   -5.00000e+00  5.00000e+00
     7 mean         3.09255e+00  5.34709e-04    3.00000e+00  3.20000e+00
     8 n            3.65157e+00  2.42017e+00    1.00000e-01  1.00000e+02
     9 numTot       8.81501e+03  9.38866e+01    0.00000e+00  1.76400e+04
    10 sigma        2.89128e-02  4.75490e-04    2.00000e-02  6.00000e-02
 **********
 **   13 **SET ERR         0.5
 **********
 **********
 **   14 **SET PRINT           1
 **********
 **********
 **   15 **SET STR           2
 **********
 NOW USING STRATEGY  2: MAKE SURE MINIMUM TRUE, ERRORS CORRECT  
 **********
 **   16 **MIGRAD        5000           1
 **********
 FIRST CALL TO USER FUNCTION AT NEW START POINT, WITH IFLAG=4.
 START MIGRAD MINIMIZATION.  STRATEGY  2.  CONVERGENCE WHEN EDM .LT. 1.00e-03
 COVARIANCE MATRIX CALCULATED SUCCESSFULLY
 FCN=-70739.3 FROM HESSE     STATUS=OK            150 CALLS         151 TOTAL
                     EDM=3.54096e-05    STRATEGY= 2      ERROR MATRIX ACCURATE 
  EXT PARAMETER                                   STEP         FIRST   
  NO.   NAME      VALUE            ERROR          SIZE      DERIVATIVE 
   1  alpha        1.68511e+00   1.03042e-01   2.14269e-01   3.18532e-03
   2  effBkg       1.01611e-01   8.22265e-03   1.10092e-01   3.19060e-02
   3  efficiency   9.92060e-01   5.74071e-03   4.09270e-01   5.42332e-02
   4  fSigAll      4.36745e-01   7.02487e-03   6.68769e-02  -3.75037e-01
   5  lf          -1.44835e+00   1.30785e-01   2.73645e-03  -1.20307e-02
   6  lp          -1.10506e+00   6.41058e-01   5.00000e-01   1.98890e-03
   7  mean         3.09255e+00   5.38640e-04   3.09221e-02  -2.18598e-01
   8  n            3.65157e+00   7.24262e-01   1.57417e-01   8.35298e-02
   9  numTot       8.81501e+03   9.38866e+01   1.06449e-03   1.12288e-02
  10  sigma        2.89128e-02   4.84001e-04   1.54087e-01  -2.00853e-03
                               ERR DEF= 0.5
 MIGRAD MINIMIZATION HAS CONVERGED.
 MIGRAD WILL VERIFY CONVERGENCE AND ERROR MATRIX.
 COVARIANCE MATRIX CALCULATED SUCCESSFULLY
 FCN=-70739.3 FROM MIGRAD    STATUS=CONVERGED     270 CALLS         271 TOTAL
                     EDM=0.00026877    STRATEGY= 2      ERROR MATRIX ACCURATE 
  EXT PARAMETER                                   STEP         FIRST   
  NO.   NAME      VALUE            ERROR          SIZE      DERIVATIVE 
   1  alpha        1.68464e+00   9.86320e-02   3.75479e-04  -1.52685e-01
   2  effBkg       1.01564e-01   1.04676e-02   3.43768e-03   1.96704e-02
   3  efficiency   9.92040e-01   1.06267e-02   3.35364e-03   5.47645e-02
   4  fSigAll      4.36797e-01   9.24031e-03   2.08934e-03  -1.54815e-01
   5  lf          -1.44830e+00   1.30932e-01   1.09458e-03   4.67003e-03
   6  lp          -1.10207e+00   6.89959e-01   4.75361e-03   1.64840e-02
   7  mean         3.09255e+00   5.34392e-04   9.73455e-04   3.81305e-03
   8  n            3.64724e+00   2.32931e+00   1.70867e-03   6.22839e-02
   9  numTot       8.81500e+03   9.38864e+01   4.25798e-04  -1.11669e-03
  10  sigma        2.89133e-02   4.75235e-04   1.39721e-03   1.40290e-02
                               ERR DEF= 0.5
 EXTERNAL ERROR MATRIX.    NDIM=  25    NPAR= 10    ERR DEF=0.5
  9.736e-03 -2.294e-04 -1.998e-07  1.457e-04  1.093e-05  1.725e-02  2.092e-07 -1.467e-01  1.785e-08  2.432e-07 
 -2.294e-04  1.096e-04 -9.134e-06 -5.334e-05 -9.320e-06 -4.760e-03 -4.206e-07  1.767e-02 -4.455e-09 -1.013e-06 
 -1.998e-07 -9.134e-06  1.135e-04 -4.856e-05  6.604e-05  4.427e-05 -1.137e-08 -1.529e-04  1.277e-08 -1.087e-07 
  1.457e-04 -5.334e-05 -4.856e-05  8.539e-05 -2.631e-05  2.996e-03  2.723e-07 -1.113e-02 -2.905e-09  6.940e-07 
  1.093e-05 -9.320e-06  6.604e-05 -2.631e-05  1.715e-02  3.030e-04 -1.232e-07 -1.109e-03  7.709e-09 -6.845e-08 
  1.725e-02 -4.760e-03  4.427e-05  2.996e-03  3.030e-04  4.793e-01  2.285e-06 -1.183e+00  5.546e-07  2.040e-06 
  2.092e-07 -4.206e-07 -1.137e-08  2.723e-07 -1.232e-07  2.285e-06  2.856e-07 -1.210e-04 -1.177e-11 -1.456e-08 
 -1.467e-01  1.767e-02 -1.529e-04 -1.113e-02 -1.109e-03 -1.183e+00 -1.210e-04  5.455e+00 -1.180e-06  2.495e-05 
  1.785e-08 -4.455e-09  1.277e-08 -2.905e-09  7.709e-09  5.546e-07 -1.177e-11 -1.180e-06  8.815e+03 -4.277e-11 
  2.432e-07 -1.013e-06 -1.087e-07  6.940e-07 -6.845e-08  2.040e-06 -1.456e-08  2.495e-05 -4.277e-11  2.259e-07 
 PARAMETER  CORRELATION COEFFICIENTS  
       NO.  GLOBAL      1      2      3      4      5      6      7      8      9     10
        1  0.77818   1.000 -0.222 -0.000  0.160  0.001  0.253  0.004 -0.637  0.000  0.005
        2  0.84130  -0.222  1.000 -0.082 -0.551 -0.007 -0.657 -0.075  0.722 -0.000 -0.204
        3  0.65520  -0.000 -0.082  1.000 -0.493  0.047  0.006 -0.002 -0.006  0.000 -0.021
        4  0.79181   0.160 -0.551 -0.493  1.000 -0.022  0.468  0.055 -0.516 -0.000  0.158
        5  0.04755   0.001 -0.007  0.047 -0.022  1.000  0.003 -0.002 -0.004  0.000 -0.001
        6  0.79028   0.253 -0.657  0.006  0.468  0.003  1.000  0.006 -0.732  0.000  0.006
        7  0.18998   0.004 -0.075 -0.002  0.055 -0.002  0.006  1.000 -0.097 -0.000 -0.057
        8  0.92604  -0.637  0.722 -0.006 -0.516 -0.004 -0.732 -0.097  1.000 -0.000  0.022
        9  0.00000   0.000 -0.000  0.000 -0.000  0.000  0.000 -0.000 -0.000  1.000 -0.000
       10  0.39624   0.005 -0.204 -0.021  0.158 -0.001  0.006 -0.057  0.022 -0.000  1.000
 **********
 **   17 **SET ERR         0.5
 **********
 **********
 **   18 **SET PRINT           1
 **********
 **********
 **   19 **HESSE        5000
 **********
 COVARIANCE MATRIX CALCULATED SUCCESSFULLY
 FCN=-70739.3 FROM HESSE     STATUS=OK             86 CALLS         357 TOTAL
                     EDM=0.000289192    STRATEGY= 2      ERROR MATRIX ACCURATE 
  EXT PARAMETER                                INTERNAL      INTERNAL  
  NO.   NAME      VALUE            ERROR       STEP SIZE       VALUE   
   1  alpha        1.68464e+00   1.01484e-01   7.50958e-05  -4.93252e-01
   2  effBkg       1.01564e-01   1.07786e-02   1.37507e-04  -9.22099e-01
   3  efficiency   9.92040e-01   1.06784e-02   1.34146e-04   1.39212e+00
   4  fSigAll      4.36797e-01   9.39597e-03   4.17869e-04  -1.26746e-01
   5  lf          -1.44830e+00   1.30938e-01   4.37832e-05  -2.93872e-01
   6  lp          -1.10207e+00   7.08027e-01   9.50722e-04  -2.22240e-01
   7  mean         3.09255e+00   5.34744e-04   3.89382e-05  -7.45718e-02
   8  n            3.64724e+00   2.44446e+00   6.83470e-05  -1.19166e+00
   9  numTot       8.81500e+03   9.38860e+01   1.70319e-05  -5.67020e-04
  10  sigma        2.89133e-02   4.75490e-04   2.79441e-04  -5.87564e-01
                               ERR DEF= 0.5
 EXTERNAL ERROR MATRIX.    NDIM=  25    NPAR= 10    ERR DEF=0.5
  1.031e-02 -2.889e-04  8.263e-07  1.823e-04  1.500e-05  2.113e-02  5.626e-07 -1.647e-01  1.009e-04  2.031e-07 
 -2.889e-04  1.162e-04 -9.412e-06 -5.727e-05 -9.896e-06 -5.169e-03 -4.637e-07  1.956e-02  2.325e-06 -1.021e-06 
  8.263e-07 -9.412e-06  1.146e-04 -4.925e-05  6.747e-05  5.520e-05 -1.014e-08 -1.981e-04 -1.322e-06 -1.114e-07 
  1.823e-04 -5.727e-05 -4.925e-05  8.829e-05 -2.684e-05  3.243e-03  2.983e-07 -1.228e-02  1.200e-09  7.005e-07 
  1.500e-05 -9.896e-06  6.747e-05 -2.684e-05  1.715e-02  3.318e-04 -1.204e-07 -1.240e-03 -7.060e-05 -7.021e-08 
  2.113e-02 -5.169e-03  5.520e-05  3.243e-03  3.318e-04  5.049e-01  5.004e-06 -1.303e+00 -1.165e-04  2.303e-06 
  5.626e-07 -4.637e-07 -1.014e-08  2.983e-07 -1.204e-07  5.004e-06  2.860e-07 -1.332e-04 -1.582e-08 -1.511e-08 
 -1.647e-01  1.956e-02 -1.981e-04 -1.228e-02 -1.240e-03 -1.303e+00 -1.332e-04  6.011e+00 -7.431e-04  2.423e-05 
  1.009e-04  2.325e-06 -1.322e-06  1.200e-09 -7.060e-05 -1.165e-04 -1.582e-08 -7.431e-04  8.815e+03  5.147e-08 
  2.031e-07 -1.021e-06 -1.114e-07  7.005e-07 -7.021e-08  2.303e-06 -1.511e-08  2.423e-05  5.147e-08  2.262e-07 
 PARAMETER  CORRELATION COEFFICIENTS  
       NO.  GLOBAL      1      2      3      4      5      6      7      8      9     10
        1  0.79211   1.000 -0.264  0.001  0.191  0.001  0.293  0.010 -0.662  0.000  0.004
        2  0.85113  -0.264  1.000 -0.082 -0.565 -0.007 -0.675 -0.080  0.740  0.000 -0.199
        3  0.65939   0.001 -0.082  1.000 -0.490  0.048  0.007 -0.002 -0.008 -0.000 -0.022
        4  0.79952   0.191 -0.565 -0.490  1.000 -0.022  0.486  0.059 -0.533  0.000  0.157
        5  0.04834   0.001 -0.007  0.048 -0.022  1.000  0.004 -0.002 -0.004 -0.000 -0.001
        6  0.80224   0.293 -0.675  0.007  0.486  0.004  1.000  0.013 -0.748 -0.000  0.007
        7  0.19330   0.010 -0.080 -0.002  0.059 -0.002  0.013  1.000 -0.102 -0.000 -0.059
        8  0.93312  -0.662  0.740 -0.008 -0.533 -0.004 -0.748 -0.102  1.000 -0.000  0.021
        9  0.00001   0.000  0.000 -0.000  0.000 -0.000 -0.000 -0.000 -0.000  1.000  0.000
       10  0.39738   0.004 -0.199 -0.022  0.157 -0.001  0.007 -0.059  0.021  0.000  1.000
 **********
 **   20 **MINOS        5000           3
 **********
